(' 2000, 2000, 2000, 2000, 2, 2, 29, 29, 2, 2,1000000', 1)
(' 2000, 2000, 2000, 2000, 6, 6, 37, 37, 6, 6,1000000', 1)
(' 2000, 2000, 2000, 2000, 2, 2, 29, 29, 2, 2,1000000', 1)
(' 2000, 2000, 2000, 2000, 5, 5, 37, 37, 5, 5,1000000', 1)
(' 2000, 2000, 2000, 2000, 4, 4, 37, 37, 4, 4,1000000', 1)
(' 2000, 2000, 2000, 2000, 6, 6, 37, 37, 6, 6,1000000', 1)
(' 2000, 2000, 2000, 2000, 3, 3, 37, 37, 3, 3,1000000', 1)
(' 2000, 2000, 2000, 2000, 5, 5, 37, 37, 5, 5,1000000', 1)
(' 2000, 2000, 2000, 2000, 2, 2, 29, 29, 2, 2,1000000', 1)
(' 2000, 2000, 2000, 2000, 4, 4, 16, 16, 4, 4,1000000', 1)
(' 2000, 2000, 2000, 2000, 4, 4, 29, 29, 4, 4,1000000', 1)
(' 2000, 2000, 2000, 2000, 3, 3, 16, 16, 3, 3,1000000', 1)
(' 2000, 2000, 2000, 2000, 2, 2, 12, 12, 2, 2,1000000', 1)
(' 2000, 2000, 2000, 2000, 3, 3, 16, 16, 3, 3,1000000', 1)
(' 2000, 2000, 2000, 2000, 4, 4, 29, 29, 4, 4,1000000', 1)
(' 2000, 2000, 2000, 2000, 2, 2, 5, 5, 2, 2,1000000', 1)
(' 2000, 2000, 2000, 2000, 1, 1, 12, 12, 1, 1,1000000', 1)
(' 2000, 2000, 2000, 2000, 4, 4, 29, 29, 4, 4,1000000', 1)
(' 2000, 2000, 2000, 2000, 1, 1, 29, 29, 1, 1,1000000', 1)
(' 2000, 2000, 2000, 2000, 4, 4, 29, 29, 4, 4,1000000', 1)
(' 2000, 2000, 2000, 2000, 4, 4, 29, 29, 4, 4,1000000', 1)
(' 2000, 2000, 2000, 2000, 3, 3, 37, 37, 3, 3,1000000', 1)
(' 2000, 2000, 2000, 2000, 5, 5, 37, 37, 5, 5,1000000', 1)
(' 2000, 2000, 2000, 2000, 6, 6, 29, 29, 6, 6,1000000', 1)
(' 2000, 2000, 2000, 2000, 4, 4, 16, 16, 4, 4,1000000', 1)
(' 2000, 2000, 2000, 2000, 1, 1, 37, 37, 1, 1,1000000', 1)
(' 2000, 2000, 2000, 2000, 2, 2, 29, 29, 2, 2,1000000', 1)
(' 2000, 2000, 2000, 2000, 2, 2, 12, 12, 2, 2,1000000', 1)
(' 2000, 2000, 2000, 2000, 4, 4, 12, 12, 4, 4,1000000', 1)
(' 2000, 2000, 2000, 2000, 4, 4, 29, 29, 4, 4,1000000', 1)
(' 2000, 2000, 2000, 2000, 6, 6, 37, 37, 6, 6,1000000', 1)
(' 2000, 2000, 2000, 2000, 1, 1, 29, 29, 1, 1,1000000', 1)
(' 2000, 2000, 2000, 2000, 4, 4, 12, 12, 4, 4,1000000', 1)
(' 2000, 2000, 2000, 2000, 1, 1, 12, 12, 1, 1,1000000', 1)
(' 2000, 2000, 2000, 2000, 5, 5, 14, 14, 5, 5,1000000', 1)
(' 2000, 2000, 2000, 2000, 3, 3, 29, 29, 3, 3,1000000', 1)
(' 2000, 2000, 2000, 2000, 5, 5, 29, 29, 5, 5,1000000', 1)
(' 2000, 2000, 2000, 2000, 8, 8, 13, 13, 8, 8,1000000', 1)
(' 2000, 2000, 2000, 2000, 3, 3, 14, 14, 3, 3,1000000', 1)
(' 2000, 2000, 2000, 2000, 7, 7, 11, 11, 7, 7,1000000', 1)
(' 2000, 2000, 2000, 2000, 3, 3, 29, 29, 3, 3,1000000', 1)
(' 2000, 2000, 2000, 2000, 2, 2, 11, 11, 2, 2,1000000', 1)
(' 2000, 2000, 2000, 2000, 10, 10, 22, 22, 10, 10,1000000', 1)
(' 2000, 2000, 2000, 2000, 8, 8, 29, 29, 8, 8,1000000', 1)
(' 2000, 2000, 2000, 2000, 10, 10, 22, 22, 10, 10,1000000', 1)
(' 2000, 2000, 2000, 2000, 3, 3, 29, 29, 3, 3,1000000', 1)
(' 2000, 2000, 2000, 2000, 7, 7, 11, 11, 7, 7,1000000', 1)
(' 2000, 2000, 2000, 2000, 3, 3, 29, 29, 3, 3,1000000', 1)
(' 2000, 2000, 2000, 2000, 5, 5, 14, 14, 5, 5,1000000', 1)
(' 2000, 2000, 2000, 2000, 2, 2, 14, 14, 2, 2,1000000', 1)
(' 2000, 2000, 2000, 2000, 7, 7, 11, 11, 7, 7,1000000', 1)
(' 2000, 2000, 2000, 2000, 3, 3, 10, 10, 3, 3,1000000', 1)
(' 2000, 2000, 2000, 2000, 7, 7, 11, 11, 7, 7,1000000', 1)
(' 2000, 2000, 2000, 2000, 3, 3, 14, 14, 3, 3,1000000', 1)
(' 2000, 2000, 2000, 2000, 5, 5, 13, 13, 5, 5,1000000', 1)
(' 2000, 2000, 2000, 2000, 2, 2, 14, 14, 2, 2,1000000', 1)
(' 2000, 2000, 2000, 2000, 5, 5, 10, 10, 5, 5,1000000', 1)
(' 2000, 2000, 2000, 2000, 8, 8, 13, 13, 8, 8,1000000', 1)
(' 2000, 2000, 2000, 2000, 7, 7, 11, 11, 7, 7,1000000', 1)
(' 2000, 2000, 2000, 2000, 10, 10, 22, 22, 10, 10,1000000', 1)
(' 2000, 2000, 2000, 2000, 10, 10, 22, 22, 10, 10,1000000', 1)
(' 2000, 2000, 2000, 2000, 8, 8, 13, 13, 8, 8,1000000', 1)
(' 2000, 2000, 2000, 2000, 9, 9, 22, 22, 9, 9,1000000', 1)
(' 2000, 2000, 2000, 2000, 3, 3, 29, 29, 3, 3,1000000', 1)
(' 2000, 2000, 2000, 2000, 3, 3, 22, 22, 3, 3,1000000', 1)
(' 2000, 2000, 2000, 2000, 2, 2, 14, 14, 2, 2,1000000', 1)
(' 2000, 2000, 2000, 2000, 8, 8, 29, 29, 8, 8,1000000', 1)
(' 2000, 2000, 2000, 2000, 5, 5, 10, 10, 5, 5,1000000', 1)
(' 2000, 2000, 2000, 2000, 5, 5, 14, 14, 5, 5,1000000', 1)
(' 2000, 2000, 2000, 2000, 2, 2, 14, 14, 2, 2,1000000', 1)
(' 2000, 2000, 2000, 2000, 8, 8, 13, 13, 8, 8,1000000', 1)
(' 2000, 2000, 2000, 2000, 2, 2, 11, 11, 2, 2,1000000', 1)
(' 2000, 2000, 2000, 2000, 4, 4, 29, 29, 4, 4,1000000', 1)
(' 2000, 2000, 2000, 2000, 8, 8, 13, 13, 8, 8,1000000', 1)
(' 2000, 2000, 2000, 2000, 8, 8, 29, 29, 8, 8,1000000', 1)
(' 2000, 2000, 2000, 2000, 7, 7, 11, 11, 7, 7,1000000', 1)
(' 2000, 2000, 2000, 2000, 8, 8, 29, 29, 8, 8,1000000', 1)
(' 2000, 2000, 2000, 2000, 10, 10, 22, 22, 10, 10,1000000', 1)
(' 2000, 2000, 2000, 2000, 3, 3, 29, 29, 3, 3,1000000', 1)
(' 2000, 2000, 2000, 2000, 8, 8, 29, 29, 8, 8,1000000', 1)
(' 2000, 2000, 2000, 2000, 3, 3, 29, 29, 3, 3,1000000', 1)
(' 2000, 2000, 2000, 2000, 3, 3, 29, 29, 3, 3,1000000', 1)
(' 2000, 2000, 2000, 2000, 2, 2, 11, 11, 2, 2,1000000', 1)
(' 2000, 2000, 2000, 2000, 10, 10, 22, 22, 10, 10,1000000', 1)
(' 2000, 2000, 2000, 2000, 9, 9, 22, 22, 9, 9,1000000', 1)
(' 2000, 2000, 2000, 2000, 4, 4, 29, 29, 4, 4,1000000', 1)
(' 2000, 2000, 2000, 2000, 5, 5, 14, 14, 5, 5,1000000', 1)
(' 2000, 2000, 2000, 2000, 10, 10, 22, 22, 10, 10,1000000', 1)
(' 2000, 2000, 2000, 2000, 5, 5, 29, 29, 5, 5,1000000', 1)
(' 2000, 2000, 2000, 2000, 5, 5, 10, 10, 5, 5,1000000', 1)
(' 2000, 2000, 2000, 2000, 8, 8, 13, 13, 8, 8,1000000', 1)
(' 2000, 2000, 2000, 2000, 3, 3, 14, 14, 3, 3,1000000', 1)
(' 2000, 2000, 2000, 2000, 5, 5, 14, 14, 5, 5,1000000', 1)
(' 2000, 2000, 2000, 2000, 4, 4, 29, 29, 4, 4,1000000', 1)
(' 2000, 2000, 2000, 2000, 2, 2, 10, 10, 2, 2,1000000', 1)
(' 2000, 2000, 2000, 2000, 8, 8, 13, 13, 8, 8,1000000', 1)
(' 2000, 2000, 2000, 2000, 5, 5, 10, 10, 5, 5,1000000', 1)
(' 2000, 2000, 2000, 2000, 3, 3, 22, 22, 3, 3,1000000', 1)
(' 2000, 2000, 2000, 2000, 9, 9, 22, 22, 9, 9,1000000', 1)
(' 2000, 2000, 2000, 2000, 10, 10, 22, 22, 10, 10,1000000', 1)
(' 2000, 2000, 2000, 2000, 5, 5, 10, 10, 5, 5,1000000', 1)
(' 2000, 2000, 2000, 2000, 10, 10, 22, 22, 10, 10,1000000', 1)
(' 2000, 2000, 2000, 2000, 3, 3, 29, 29, 3, 3,1000000', 1)
(' 2000, 2000, 2000, 2000, 3, 3, 22, 22, 3, 3,1000000', 1)
(' 2000, 2000, 2000, 2000, 8, 8, 13, 13, 8, 8,1000000', 1)
(' 2000, 2000, 2000, 2000, 3, 3, 10, 10, 3, 3,1000000', 1)
(' 2000, 2000, 2000, 2000, 5, 5, 29, 29, 5, 5,1000000', 1)
(' 2000, 2000, 2000, 2000, 2, 2, 11, 11, 2, 2,1000000', 1)
(' 2000, 2000, 2000, 2000, 2, 2, 10, 10, 2, 2,1000000', 1)
(' 2000, 2000, 2000, 2000, 3, 3, 10, 10, 3, 3,1000000', 1)
(' 2000, 2000, 2000, 2000, 8, 8, 29, 29, 8, 8,1000000', 1)
(' 2000, 2000, 2000, 2000, 9, 9, 22, 22, 9, 9,1000000', 1)
(' 2000, 2000, 2000, 2000, 9, 9, 22, 22, 9, 9,1000000', 1)
(' 2000, 2000, 2000, 2000, 5, 5, 13, 13, 5, 5,1000000', 1)
(' 2000, 2000, 2000, 2000, 5, 5, 13, 13, 5, 5,1000000', 1)
(' 2000, 2000, 2000, 2000, 9, 9, 22, 22, 9, 9,1000000', 1)
(' 2000, 2000, 2000, 2000, 2, 2, 14, 14, 2, 2,1000000', 1)
(' 2000, 2000, 2000, 2000, 7, 7, 11, 11, 7, 7,1000000', 1)
(' 2000, 2000, 2000, 2000, 9, 9, 22, 22, 9, 9,1000000', 1)
(' 2000, 2000, 2000, 2000, 3, 3, 29, 29, 3, 3,1000000', 1)
(' 2000, 2000, 2000, 2000, 5, 5, 13, 13, 5, 5,1000000', 1)
(' 2000, 2000, 2000, 2000, 8, 8, 29, 29, 8, 8,1000000', 1)
(' 2000, 2000, 2000, 2000, 9, 9, 22, 22, 9, 9,1000000', 1)
(' 2000, 2000, 2000, 2000, 2, 2, 14, 14, 2, 2,1000000', 1)
(' 2000, 2000, 2000, 2000, 5, 5, 13, 13, 5, 5,1000000', 1)
(' 2000, 2000, 2000, 2000, 5, 5, 29, 29, 5, 5,1000000', 1)
(' 2000, 2000, 2000, 2000, 3, 3, 29, 29, 3, 3,1000000', 1)
(' 2000, 2000, 2000, 2000, 3, 3, 29, 29, 3, 3,1000000', 1)
(' 2000, 2000, 2000, 2000, 10, 10, 22, 22, 10, 10,1000000', 1)
(' 2000, 2000, 2000, 2000, 8, 8, 29, 29, 8, 8,1000000', 1)
(' 2000, 2000, 2000, 2000, 4, 4, 29, 29, 4, 4,1000000', 1)
(' 2000, 2000, 2000, 2000, 5, 5, 29, 29, 5, 5,1000000', 1)
(' 2000, 2000, 2000, 2000, 9, 9, 22, 22, 9, 9,1000000', 1)
(' 2000, 2000, 2000, 2000, 2, 2, 5, 5, 2, 2,1000000', 1)
(' 2000, 2000, 2000, 2000, 1, 1, 19, 19, 1, 1,1000000', 1)
(' 2000, 2000, 2000, 2000, 5, 5, 28, 28, 5, 5,1000000', 1)
(' 2000, 2000, 2000, 2000, 4, 4, 19, 19, 4, 4,1000000', 1)
(' 2000, 2000, 2000, 2000, 2, 2, 17, 17, 2, 2,1000000', 1)
(' 2000, 2000, 2000, 2000, 2, 2, 28, 28, 2, 2,1000000', 1)
(' 2000, 2000, 2000, 2000, 1, 1, 6, 6, 1, 1,1000000', 1)
(' 2000, 2000, 2000, 2000, 4, 4, 19, 19, 4, 4,1000000', 1)
(' 2000, 2000, 2000, 2000, 1, 1, 8, 8, 1, 1,1000000', 1)
(' 2000, 2000, 2000, 2000, 5, 5, 28, 28, 5, 5,1000000', 1)
(' 2000, 2000, 2000, 2000, 3, 3, 5, 5, 3, 3,1000000', 1)
(' 2000, 2000, 2000, 2000, 3, 3, 28, 28, 3, 3,1000000', 1)
(' 2000, 2000, 2000, 2000, 1, 1, 17, 17, 1, 1,1000000', 1)
(' 2000, 2000, 2000, 2000, 2, 2, 19, 19, 2, 2,1000000', 1)
(' 2000, 2000, 2000, 2000, 1, 1, 8, 8, 1, 1,1000000', 1)
(' 2000, 2000, 2000, 2000, 4, 4, 8, 8, 4, 4,1000000', 1)
(' 2000, 2000, 2000, 2000, 2, 2, 17, 17, 2, 2,1000000', 1)
(' 2000, 2000, 2000, 2000, 5, 5, 28, 28, 5, 5,1000000', 1)
(' 2000, 2000, 2000, 2000, 5, 5, 28, 28, 5, 5,1000000', 1)
(' 2000, 2000, 2000, 2000, 3, 3, 28, 28, 3, 3,1000000', 1)
(' 2000, 2000, 2000, 2000, 3, 3, 28, 28, 3, 3,1000000', 1)
(' 2000, 2000, 2000, 2000, 4, 4, 17, 17, 4, 4,1000000', 1)
(' 2000, 2000, 2000, 2000, 3, 3, 6, 6, 3, 3,1000000', 1)
(' 2000, 2000, 2000, 2000, 4, 4, 19, 19, 4, 4,1000000', 1)
(' 2000, 2000, 2000, 2000, 1, 1, 8, 8, 1, 1,1000000', 1)
(' 2000, 2000, 2000, 2000, 4, 4, 19, 19, 4, 4,1000000', 1)
(' 2000, 2000, 2000, 2000, 4, 4, 19, 19, 4, 4,1000000', 1)
(' 2000, 2000, 2000, 2000, 3, 3, 6, 6, 3, 3,1000000', 1)
(' 2000, 2000, 2000, 2000, 1, 1, 8, 8, 1, 1,1000000', 1)
(' 2000, 2000, 2000, 2000, 2, 2, 5, 5, 2, 2,1000000', 1)
(' 2000, 2000, 2000, 2000, 3, 3, 28, 28, 3, 3,1000000', 1)
(' 2000, 2000, 2000, 2000, 4, 4, 19, 19, 4, 4,1000000', 1)
(' 2000, 2000, 2000, 2000, 5, 5, 28, 28, 5, 5,1000000', 1)
(' 2000, 2000, 2000, 2000, 4, 4, 19, 19, 4, 4,1000000', 1)
(' 2000, 2000, 2000, 2000, 4, 4, 8, 8, 4, 4,1000000', 1)
(' 2000, 2000, 2000, 2000, 5, 5, 28, 28, 5, 5,1000000', 1)
(' 2000, 2000, 2000, 2000, 1, 1, 28, 28, 1, 1,1000000', 1)
(' 2000, 2000, 2000, 2000, 4, 4, 17, 17, 4, 4,1000000', 1)
(' 2000, 2000, 2000, 2000, 1, 1, 3, 3, 1, 1,1000000', 1)
(' 2000, 2000, 2000, 2000, 3, 3, 6, 6, 3, 3,1000000', 1)
(' 2000, 2000, 2000, 2000, 4, 4, 19, 19, 4, 4,1000000', 1)
(' 2000, 2000, 2000, 2000, 1, 1, 3, 3, 1, 1,1000000', 1)
(' 2000, 2000, 2000, 2000, 2, 2, 19, 19, 2, 2,1000000', 1)
(' 2000, 2000, 2000, 2000, 1, 1, 8, 8, 1, 1,1000000', 1)
(' 2000, 2000, 2000, 2000, 1, 1, 5, 5, 1, 1,1000000', 1)
(' 2000, 2000, 2000, 2000, 3, 3, 28, 28, 3, 3,1000000', 1)
(' 2000, 2000, 2000, 2000, 2, 2, 19, 19, 2, 2,1000000', 1)
(' 2000, 2000, 2000, 2000, 1, 1, 5, 5, 1, 1,1000000', 1)
(' 2000, 2000, 2000, 2000, 2, 2, 17, 17, 2, 2,1000000', 1)
(' 2000, 2000, 2000, 2000, 1, 1, 17, 17, 1, 1,1000000', 1)
(' 2000, 2000, 2000, 2000, 2, 2, 6, 6, 2, 2,1000000', 1)
(' 2000, 2000, 2000, 2000, 2, 2, 17, 17, 2, 2,1000000', 1)
(' 2000, 2000, 2000, 2000, 3, 3, 28, 28, 3, 3,1000000', 1)
(' 2000, 2000, 2000, 2000, 5, 5, 28, 28, 5, 5,1000000', 1)
(' 2000, 2000, 2000, 2000, 4, 4, 19, 19, 4, 4,1000000', 1)
(' 2000, 2000, 2000, 2000, 3, 3, 8, 8, 3, 3,1000000', 1)
(' 2000, 2000, 2000, 2000, 3, 3, 28, 28, 3, 3,1000000', 1)
(' 2000, 2000, 2000, 2000, 3, 3, 28, 28, 3, 3,1000000', 1)
(' 2000, 2000, 2000, 2000, 2, 2, 5, 5, 2, 2,1000000', 1)
(' 2000, 2000, 2000, 2000, 5, 5, 28, 28, 5, 5,1000000', 1)
(' 2000, 2000, 2000, 2000, 4, 4, 17, 17, 4, 4,1000000', 1)
(' 2000, 2000, 2000, 2000, 2, 2, 28, 28, 2, 2,1000000', 1)
(' 2000, 2000, 2000, 2000, 1, 1, 28, 28, 1, 1,1000000', 1)
(' 2000, 2000, 2000, 2000, 3, 3, 28, 28, 3, 3,1000000', 1)
(' 2000, 2000, 2000, 2000, 4, 4, 17, 17, 4, 4,1000000', 1)
(' 2000, 2000, 2000, 2000, 3, 3, 5, 5, 3, 3,1000000', 1)
(' 2000, 2000, 2000, 2000, 1, 1, 17, 17, 1, 1,1000000', 1)
(' 2000, 2000, 2000, 2000, 4, 4, 19, 19, 4, 4,1000000', 1)
(' 2000, 2000, 2000, 2000, 3, 3, 8, 8, 3, 3,1000000', 1)
(' 2000, 2000, 2000, 2000, 3, 3, 8, 8, 3, 3,1000000', 1)
(' 2000, 2000, 2000, 2000, 3, 3, 8, 8, 3, 3,1000000', 1)
(' 2000, 2000, 2000, 2000, 1, 1, 19, 19, 1, 1,1000000', 1)
(' 2000, 2000, 2000, 2000, 1, 1, 5, 5, 1, 1,1000000', 1)
(' 2000, 2000, 2000, 2000, 4, 4, 19, 19, 4, 4,1000000', 1)
(' 2000, 2000, 2000, 2000, 2, 2, 28, 28, 2, 2,1000000', 1)
(' 2000, 2000, 2000, 2000, 5, 5, 28, 28, 5, 5,1000000', 1)
(' 2000, 2000, 2000, 2000, 2, 2, 5, 5, 2, 2,1000000', 1)
(' 2000, 2000, 2000, 2000, 2, 2, 17, 17, 2, 2,1000000', 1)
(' 2000, 2000, 2000, 2000, 2, 2, 17, 17, 2, 2,1000000', 1)
(' 2000, 2000, 2000, 2000, 5, 5, 28, 28, 5, 5,1000000', 1)
(' 2000, 2000, 2000, 2000, 2, 2, 17, 17, 2, 2,1000000', 1)
(' 2000, 2000, 2000, 2000, 2, 2, 17, 17, 2, 2,1000000', 1)
(' 2000, 2000, 2000, 2000, 2, 2, 17, 17, 2, 2,1000000', 1)
(' 2000, 2000, 2000, 2000, 1, 1, 8, 8, 1, 1,1000000', 1)
(' 2000, 2000, 2000, 2000, 2, 2, 6, 6, 2, 2,1000000', 1)
(' 2000, 2000, 2000, 2000, 1, 1, 19, 19, 1, 1,1000000', 1)
(' 2000, 2000, 2000, 2000, 2, 2, 17, 17, 2, 2,1000000', 1)
(' 2000, 2000, 2000, 2000, 1, 1, 28, 28, 1, 1,1000000', 1)
(' 2000, 2000, 2000, 2000, 1, 1, 3, 3, 1, 1,1000000', 1)
(' 2000, 2000, 2000, 2000, 4, 4, 19, 19, 4, 4,1000000', 1)
(' 2000, 2000, 2000, 2000, 4, 4, 8, 8, 4, 4,1000000', 1)
(' 2000, 2000, 2000, 2000, 4, 4, 8, 8, 4, 4,1000000', 1)
(' 2000, 2000, 2000, 2000, 3, 3, 8, 8, 3, 3,1000000', 1)
(' 2000, 2000, 2000, 2000, 3, 3, 8, 8, 3, 3,1000000', 1)
(' 2000, 2000, 2000, 2000, 2, 2, 28, 28, 2, 2,1000000', 1)
(' 2000, 2000, 2000, 2000, 1, 1, 28, 28, 1, 1,1000000', 1)
(' 2000, 2000, 2000, 2000, 3, 3, 5, 5, 3, 3,1000000', 1)
(' 2000, 2000, 2000, 2000, 2, 2, 19, 19, 2, 2,1000000', 1)
(' 2000, 2000, 2000, 2000, 1, 1, 28, 28, 1, 1,1000000', 1)
(' 2000, 2000, 2000, 2000, 4, 4, 6, 6, 4, 4,1000000', 1)
(' 2000, 2000, 2000, 2000, 6, 6, 20, 20, 6, 6,1000000', 1)
(' 2000, 2000, 2000, 2000, 14, 14, 47, 47, 14, 14,1000000', 1)
(' 2000, 2000, 2000, 2000, 19, 19, 47, 47, 19, 19,1000000', 1)
(' 2000, 2000, 2000, 2000, 5, 5, 14, 14, 5, 5,1000000', 1)
(' 2000, 2000, 2000, 2000, 5, 5, 12, 12, 5, 5,1000000', 1)
(' 2000, 2000, 2000, 2000, 11, 11, 20, 20, 11, 11,1000000', 1)
(' 2000, 2000, 2000, 2000, 19, 19, 47, 47, 19, 19,1000000', 1)
(' 2000, 2000, 2000, 2000, 14, 14, 47, 47, 14, 14,1000000', 1)
(' 2000, 2000, 2000, 2000, 5, 5, 14, 14, 5, 5,1000000', 1)
(' 2000, 2000, 2000, 2000, 11, 11, 47, 47, 11, 11,1000000', 1)
(' 2000, 2000, 2000, 2000, 6, 6, 20, 20, 6, 6,1000000', 1)
(' 2000, 2000, 2000, 2000, 19, 19, 47, 47, 19, 19,1000000', 1)
(' 2000, 2000, 2000, 2000, 14, 14, 47, 47, 14, 14,1000000', 1)
(' 2000, 2000, 2000, 2000, 5, 5, 14, 14, 5, 5,1000000', 1)
(' 2000, 2000, 2000, 2000, 11, 11, 20, 20, 11, 11,1000000', 1)
(' 2000, 2000, 2000, 2000, 6, 6, 14, 14, 6, 6,1000000', 1)
(' 2000, 2000, 2000, 2000, 19, 19, 47, 47, 19, 19,1000000', 1)
(' 2000, 2000, 2000, 2000, 11, 11, 47, 47, 11, 11,1000000', 1)
(' 2000, 2000, 2000, 2000, 2, 2, 6, 6, 2, 2,1000000', 1)
(' 2000, 2000, 2000, 2000, 4, 4, 6, 6, 4, 4,1000000', 1)
(' 2000, 2000, 2000, 2000, 4, 4, 6, 6, 4, 4,1000000', 1)
(' 2000, 2000, 2000, 2000, 14, 14, 47, 47, 14, 14,1000000', 1)
(' 2000, 2000, 2000, 2000, 19, 19, 47, 47, 19, 19,1000000', 1)
(' 2000, 2000, 2000, 2000, 3, 3, 47, 47, 3, 3,1000000', 1)
(' 2000, 2000, 2000, 2000, 7, 7, 12, 12, 7, 7,1000000', 1)
(' 2000, 2000, 2000, 2000, 19, 19, 47, 47, 19, 19,1000000', 1)
(' 2000, 2000, 2000, 2000, 3, 3, 47, 47, 3, 3,1000000', 1)
(' 2000, 2000, 2000, 2000, 19, 19, 47, 47, 19, 19,1000000', 1)
(' 2000, 2000, 2000, 2000, 11, 11, 20, 20, 11, 11,1000000', 1)
(' 2000, 2000, 2000, 2000, 7, 7, 12, 12, 7, 7,1000000', 1)
(' 2000, 2000, 2000, 2000, 3, 3, 14, 14, 3, 3,1000000', 1)
(' 2000, 2000, 2000, 2000, 11, 11, 20, 20, 11, 11,1000000', 1)
(' 2000, 2000, 2000, 2000, 5, 5, 12, 12, 5, 5,1000000', 1)
(' 2000, 2000, 2000, 2000, 6, 6, 20, 20, 6, 6,1000000', 1)
(' 2000, 2000, 2000, 2000, 7, 7, 12, 12, 7, 7,1000000', 1)
(' 2000, 2000, 2000, 2000, 7, 7, 12, 12, 7, 7,1000000', 1)
(' 2000, 2000, 2000, 2000, 6, 6, 20, 20, 6, 6,1000000', 1)
(' 2000, 2000, 2000, 2000, 5, 5, 12, 12, 5, 5,1000000', 1)
(' 2000, 2000, 2000, 2000, 3, 3, 14, 14, 3, 3,1000000', 1)
(' 2000, 2000, 2000, 2000, 11, 11, 47, 47, 11, 11,1000000', 1)
(' 2000, 2000, 2000, 2000, 2, 2, 6, 6, 2, 2,1000000', 1)
(' 2000, 2000, 2000, 2000, 6, 6, 14, 14, 6, 6,1000000', 1)
(' 2000, 2000, 2000, 2000, 14, 14, 47, 47, 14, 14,1000000', 1)
(' 2000, 2000, 2000, 2000, 14, 14, 47, 47, 14, 14,1000000', 1)
(' 2000, 2000, 2000, 2000, 14, 14, 47, 47, 14, 14,1000000', 1)
(' 2000, 2000, 2000, 2000, 14, 14, 47, 47, 14, 14,1000000', 1)
(' 2000, 2000, 2000, 2000, 5, 5, 12, 12, 5, 5,1000000', 1)
(' 2000, 2000, 2000, 2000, 11, 11, 20, 20, 11, 11,1000000', 1)
(' 2000, 2000, 2000, 2000, 3, 3, 14, 14, 3, 3,1000000', 1)
(' 2000, 2000, 2000, 2000, 14, 14, 47, 47, 14, 14,1000000', 1)
(' 2000, 2000, 2000, 2000, 19, 19, 47, 47, 19, 19,1000000', 1)
(' 2000, 2000, 2000, 2000, 19, 19, 47, 47, 19, 19,1000000', 1)
(' 2000, 2000, 2000, 2000, 11, 11, 20, 20, 11, 11,1000000', 1)
(' 2000, 2000, 2000, 2000, 4, 4, 6, 6, 4, 4,1000000', 1)
(' 2000, 2000, 2000, 2000, 19, 19, 47, 47, 19, 19,1000000', 1)
(' 2000, 2000, 2000, 2000, 6, 6, 14, 14, 6, 6,1000000', 1)
(' 2000, 2000, 2000, 2000, 3, 3, 47, 47, 3, 3,1000000', 1)
(' 2000, 2000, 2000, 2000, 7, 7, 12, 12, 7, 7,1000000', 1)
(' 2000, 2000, 2000, 2000, 6, 6, 20, 20, 6, 6,1000000', 1)
(' 2000, 2000, 2000, 2000, 11, 11, 20, 20, 11, 11,1000000', 1)
(' 2000, 2000, 2000, 2000, 7, 7, 12, 12, 7, 7,1000000', 1)
(' 2000, 2000, 2000, 2000, 11, 11, 47, 47, 11, 11,1000000', 1)
(' 2000, 2000, 2000, 2000, 14, 14, 47, 47, 14, 14,1000000', 1)
(' 2000, 2000, 2000, 2000, 7, 7, 12, 12, 7, 7,1000000', 1)
(' 2000, 2000, 2000, 2000, 19, 19, 47, 47, 19, 19,1000000', 1)
(' 2000, 2000, 2000, 2000, 14, 14, 47, 47, 14, 14,1000000', 1)
(' 2000, 2000, 2000, 2000, 19, 19, 47, 47, 19, 19,1000000', 1)
(' 2000, 2000, 2000, 2000, 6, 6, 14, 14, 6, 6,1000000', 1)
(' 2000, 2000, 2000, 2000, 3, 3, 20, 20, 3, 3,1000000', 1)
(' 2000, 2000, 2000, 2000, 11, 11, 20, 20, 11, 11,1000000', 1)
(' 2000, 2000, 2000, 2000, 11, 11, 47, 47, 11, 11,1000000', 1)
(' 2000, 2000, 2000, 2000, 11, 11, 47, 47, 11, 11,1000000', 1)
(' 2000, 2000, 2000, 2000, 19, 19, 47, 47, 19, 19,1000000', 1)
(' 2000, 2000, 2000, 2000, 11, 11, 47, 47, 11, 11,1000000', 1)
(' 2000, 2000, 2000, 2000, 11, 11, 47, 47, 11, 11,1000000', 1)
(' 2000, 2000, 2000, 2000, 5, 5, 14, 14, 5, 5,1000000', 1)
(' 2000, 2000, 2000, 2000, 11, 11, 47, 47, 11, 11,1000000', 1)
(' 2000, 2000, 2000, 2000, 11, 11, 20, 20, 11, 11,1000000', 1)
(' 2000, 2000, 2000, 2000, 5, 5, 12, 12, 5, 5,1000000', 1)
(' 2000, 2000, 2000, 2000, 19, 19, 47, 47, 19, 19,1000000', 1)
(' 2000, 2000, 2000, 2000, 14, 14, 47, 47, 14, 14,1000000', 1)
(' 2000, 2000, 2000, 2000, 19, 19, 47, 47, 19, 19,1000000', 1)
(' 2000, 2000, 2000, 2000, 19, 19, 47, 47, 19, 19,1000000', 1)
(' 2000, 2000, 2000, 2000, 3, 3, 20, 20, 3, 3,1000000', 1)
(' 2000, 2000, 2000, 2000, 19, 19, 47, 47, 19, 19,1000000', 1)
(' 2000, 2000, 2000, 2000, 5, 5, 14, 14, 5, 5,1000000', 1)
(' 2000, 2000, 2000, 2000, 14, 14, 47, 47, 14, 14,1000000', 1)
(' 2000, 2000, 2000, 2000, 11, 11, 20, 20, 11, 11,1000000', 1)
(' 2000, 2000, 2000, 2000, 19, 19, 47, 47, 19, 19,1000000', 1)
(' 2000, 2000, 2000, 2000, 11, 11, 47, 47, 11, 11,1000000', 1)
(' 2000, 2000, 2000, 2000, 6, 6, 14, 14, 6, 6,1000000', 1)
(' 2000, 2000, 2000, 2000, 14, 14, 47, 47, 14, 14,1000000', 1)
(' 2000, 2000, 2000, 2000, 11, 11, 47, 47, 11, 11,1000000', 1)
(' 2000, 2000, 2000, 2000, 6, 6, 20, 20, 6, 6,1000000', 1)
(' 2000, 2000, 2000, 2000, 11, 11, 20, 20, 11, 11,1000000', 1)
(' 2000, 2000, 2000, 2000, 3, 3, 20, 20, 3, 3,1000000', 1)
(' 2000, 2000, 2000, 2000, 6, 6, 14, 14, 6, 6,1000000', 1)
(' 2000, 2000, 2000, 2000, 19, 19, 47, 47, 19, 19,1000000', 1)
(' 2000, 2000, 2000, 2000, 7, 7, 22, 22, 7, 7,1000000', 1)
(' 2000, 2000, 2000, 2000, 13, 13, 24, 24, 13, 13,1000000', 1)
(' 2000, 2000, 2000, 2000, 6, 6, 32, 32, 6, 6,1000000', 1)
(' 2000, 2000, 2000, 2000, 9, 9, 32, 32, 9, 9,1000000', 1)
(' 2000, 2000, 2000, 2000, 10, 10, 24, 24, 10, 10,1000000', 1)
(' 2000, 2000, 2000, 2000, 6, 6, 21, 21, 6, 6,1000000', 1)
(' 2000, 2000, 2000, 2000, 10, 10, 24, 24, 10, 10,1000000', 1)
(' 2000, 2000, 2000, 2000, 8, 8, 32, 32, 8, 8,1000000', 1)
(' 2000, 2000, 2000, 2000, 7, 7, 22, 22, 7, 7,1000000', 1)
(' 2000, 2000, 2000, 2000, 6, 6, 21, 21, 6, 6,1000000', 1)
(' 2000, 2000, 2000, 2000, 10, 10, 24, 24, 10, 10,1000000', 1)
(' 2000, 2000, 2000, 2000, 11, 11, 21, 21, 11, 11,1000000', 1)
(' 2000, 2000, 2000, 2000, 8, 8, 22, 22, 8, 8,1000000', 1)
(' 2000, 2000, 2000, 2000, 7, 7, 22, 22, 7, 7,1000000', 1)
(' 2000, 2000, 2000, 2000, 6, 6, 21, 21, 6, 6,1000000', 1)
(' 2000, 2000, 2000, 2000, 7, 7, 22, 22, 7, 7,1000000', 1)
(' 2000, 2000, 2000, 2000, 13, 13, 24, 24, 13, 13,1000000', 1)
(' 2000, 2000, 2000, 2000, 7, 7, 22, 22, 7, 7,1000000', 1)
(' 2000, 2000, 2000, 2000, 11, 11, 21, 21, 11, 11,1000000', 1)
(' 2000, 2000, 2000, 2000, 6, 6, 32, 32, 6, 6,1000000', 1)
(' 2000, 2000, 2000, 2000, 9, 9, 32, 32, 9, 9,1000000', 1)
(' 2000, 2000, 2000, 2000, 11, 11, 21, 21, 11, 11,1000000', 1)
(' 2000, 2000, 2000, 2000, 8, 8, 32, 32, 8, 8,1000000', 1)
(' 2000, 2000, 2000, 2000, 7, 7, 22, 22, 7, 7,1000000', 1)
(' 2000, 2000, 2000, 2000, 10, 10, 24, 24, 10, 10,1000000', 1)
(' 2000, 2000, 2000, 2000, 10, 10, 24, 24, 10, 10,1000000', 1)
(' 2000, 2000, 2000, 2000, 6, 6, 32, 32, 6, 6,1000000', 1)
(' 2000, 2000, 2000, 2000, 10, 10, 24, 24, 10, 10,1000000', 1)
(' 2000, 2000, 2000, 2000, 9, 9, 32, 32, 9, 9,1000000', 1)
(' 2000, 2000, 2000, 2000, 11, 11, 21, 21, 11, 11,1000000', 1)
(' 2000, 2000, 2000, 2000, 9, 9, 32, 32, 9, 9,1000000', 1)
(' 2000, 2000, 2000, 2000, 9, 9, 32, 32, 9, 9,1000000', 1)
(' 2000, 2000, 2000, 2000, 10, 10, 24, 24, 10, 10,1000000', 1)
(' 2000, 2000, 2000, 2000, 9, 9, 32, 32, 9, 9,1000000', 1)
(' 2000, 2000, 2000, 2000, 9, 9, 32, 32, 9, 9,1000000', 1)
(' 2000, 2000, 2000, 2000, 13, 13, 24, 24, 13, 13,1000000', 1)
(' 2000, 2000, 2000, 2000, 4, 4, 21, 21, 4, 4,1000000', 1)
(' 2000, 2000, 2000, 2000, 11, 11, 21, 21, 11, 11,1000000', 1)
(' 2000, 2000, 2000, 2000, 11, 11, 21, 21, 11, 11,1000000', 1)
(' 2000, 2000, 2000, 2000, 13, 13, 24, 24, 13, 13,1000000', 1)
(' 2000, 2000, 2000, 2000, 1, 1, 24, 24, 1, 1,1000000', 1)
(' 2000, 2000, 2000, 2000, 10, 10, 24, 24, 10, 10,1000000', 1)
(' 2000, 2000, 2000, 2000, 7, 7, 22, 22, 7, 7,1000000', 1)
(' 2000, 2000, 2000, 2000, 6, 6, 21, 21, 6, 6,1000000', 1)
(' 2000, 2000, 2000, 2000, 8, 8, 32, 32, 8, 8,1000000', 1)
(' 2000, 2000, 2000, 2000, 9, 9, 32, 32, 9, 9,1000000', 1)
(' 2000, 2000, 2000, 2000, 11, 11, 21, 21, 11, 11,1000000', 1)
(' 2000, 2000, 2000, 2000, 8, 8, 22, 22, 8, 8,1000000', 1)
(' 2000, 2000, 2000, 2000, 13, 13, 24, 24, 13, 13,1000000', 1)
(' 2000, 2000, 2000, 2000, 13, 13, 24, 24, 13, 13,1000000', 1)
(' 2000, 2000, 2000, 2000, 7, 7, 22, 22, 7, 7,1000000', 1)
(' 2000, 2000, 2000, 2000, 8, 8, 22, 22, 8, 8,1000000', 1)
(' 2000, 2000, 2000, 2000, 6, 6, 32, 32, 6, 6,1000000', 1)
(' 2000, 2000, 2000, 2000, 13, 13, 24, 24, 13, 13,1000000', 1)
(' 2000, 2000, 2000, 2000, 13, 13, 24, 24, 13, 13,1000000', 1)
(' 2000, 2000, 2000, 2000, 4, 4, 21, 21, 4, 4,1000000', 1)
(' 2000, 2000, 2000, 2000, 7, 7, 22, 22, 7, 7,1000000', 1)
(' 2000, 2000, 2000, 2000, 9, 9, 32, 32, 9, 9,1000000', 1)
(' 2000, 2000, 2000, 2000, 8, 8, 22, 22, 8, 8,1000000', 1)
(' 2000, 2000, 2000, 2000, 11, 11, 21, 21, 11, 11,1000000', 1)
(' 2000, 2000, 2000, 2000, 10, 10, 24, 24, 10, 10,1000000', 1)
(' 2000, 2000, 2000, 2000, 9, 9, 32, 32, 9, 9,1000000', 1)
(' 2000, 2000, 2000, 2000, 9, 9, 32, 32, 9, 9,1000000', 1)
(' 2000, 2000, 2000, 2000, 9, 9, 32, 32, 9, 9,1000000', 1)
(' 2000, 2000, 2000, 2000, 8, 8, 22, 22, 8, 8,1000000', 1)
(' 2000, 2000, 2000, 2000, 9, 9, 32, 32, 9, 9,1000000', 1)
(' 2000, 2000, 2000, 2000, 13, 13, 24, 24, 13, 13,1000000', 1)
(' 2000, 2000, 2000, 2000, 11, 11, 21, 21, 11, 11,1000000', 1)
(' 2000, 2000, 2000, 2000, 8, 8, 32, 32, 8, 8,1000000', 1)
(' 2000, 2000, 2000, 2000, 6, 6, 32, 32, 6, 6,1000000', 1)
(' 2000, 2000, 2000, 2000, 6, 6, 21, 21, 6, 6,1000000', 1)
(' 2000, 2000, 2000, 2000, 11, 11, 21, 21, 11, 11,1000000', 1)
(' 2000, 2000, 2000, 2000, 6, 6, 21, 21, 6, 6,1000000', 1)
(' 2000, 2000, 2000, 2000, 8, 8, 22, 22, 8, 8,1000000', 1)
(' 2000, 2000, 2000, 2000, 13, 13, 24, 24, 13, 13,1000000', 1)
(' 2000, 2000, 2000, 2000, 8, 8, 22, 22, 8, 8,1000000', 1)
(' 2000, 2000, 2000, 2000, 4, 4, 21, 21, 4, 4,1000000', 1)
(' 2000, 2000, 2000, 2000, 8, 8, 32, 32, 8, 8,1000000', 1)
(' 2000, 2000, 2000, 2000, 9, 9, 32, 32, 9, 9,1000000', 1)
(' 2000, 2000, 2000, 2000, 13, 13, 24, 24, 13, 13,1000000', 1)
(' 2000, 2000, 2000, 2000, 13, 13, 24, 24, 13, 13,1000000', 1)
(' 2000, 2000, 2000, 2000, 9, 9, 32, 32, 9, 9,1000000', 1)
(' 2000, 2000, 2000, 2000, 9, 9, 32, 32, 9, 9,1000000', 1)
(' 2000, 2000, 2000, 2000, 13, 13, 24, 24, 13, 13,1000000', 1)
(' 2000, 2000, 2000, 2000, 9, 9, 32, 32, 9, 9,1000000', 1)
(' 2000, 2000, 2000, 2000, 8, 8, 32, 32, 8, 8,1000000', 1)
(' 2000, 2000, 2000, 2000, 8, 8, 32, 32, 8, 8,1000000', 1)
(' 2000, 2000, 2000, 2000, 8, 8, 22, 22, 8, 8,1000000', 1)
(' 2000, 2000, 2000, 2000, 8, 8, 32, 32, 8, 8,1000000', 1)
(' 2000, 2000, 2000, 2000, 7, 7, 22, 22, 7, 7,1000000', 1)
(' 2000, 2000, 2000, 2000, 7, 7, 22, 22, 7, 7,1000000', 1)
(' 2000, 2000, 2000, 2000, 7, 7, 22, 22, 7, 7,1000000', 1)
(' 2000, 2000, 2000, 2000, 7, 7, 22, 22, 7, 7,1000000', 1)
(' 2000, 2000, 2000, 2000, 7, 7, 22, 22, 7, 7,1000000', 1)
(' 2000, 2000, 2000, 2000, 10, 10, 24, 24, 10, 10,1000000', 1)
(' 2000, 2000, 2000, 2000, 4, 4, 21, 21, 4, 4,1000000', 1)
(' 2000, 2000, 2000, 2000, 6, 6, 32, 32, 6, 6,1000000', 1)
(' 2000, 2000, 2000, 2000, 11, 11, 21, 21, 11, 11,1000000', 1)
(' 2000, 2000, 2000, 2000, 9, 9, 32, 32, 9, 9,1000000', 1)
(' 2000, 2000, 2000, 2000, 9, 9, 38, 38, 9, 9,1000000', 1)
(' 2000, 2000, 2000, 2000, 24, 24, 38, 38, 24, 24,1000000', 1)
(' 2000, 2000, 2000, 2000, 24, 24, 38, 38, 24, 24,1000000', 1)
(' 2000, 2000, 2000, 2000, 6, 6, 11, 11, 6, 6,1000000', 1)
(' 2000, 2000, 2000, 2000, 15, 15, 30, 30, 15, 15,1000000', 1)
(' 2000, 2000, 2000, 2000, 5, 5, 19, 19, 5, 5,1000000', 1)
(' 2000, 2000, 2000, 2000, 9, 9, 19, 19, 9, 9,1000000', 1)
(' 2000, 2000, 2000, 2000, 24, 24, 38, 38, 24, 24,1000000', 1)
(' 2000, 2000, 2000, 2000, 8, 8, 30, 30, 8, 8,1000000', 1)
(' 2000, 2000, 2000, 2000, 9, 9, 38, 38, 9, 9,1000000', 1)
(' 2000, 2000, 2000, 2000, 15, 15, 30, 30, 15, 15,1000000', 1)
(' 2000, 2000, 2000, 2000, 15, 15, 30, 30, 15, 15,1000000', 1)
(' 2000, 2000, 2000, 2000, 5, 5, 19, 19, 5, 5,1000000', 1)
(' 2000, 2000, 2000, 2000, 4, 4, 11, 11, 4, 4,1000000', 1)
(' 2000, 2000, 2000, 2000, 8, 8, 30, 30, 8, 8,1000000', 1)
(' 2000, 2000, 2000, 2000, 24, 24, 38, 38, 24, 24,1000000', 1)
(' 2000, 2000, 2000, 2000, 9, 9, 19, 19, 9, 9,1000000', 1)
(' 2000, 2000, 2000, 2000, 7, 7, 30, 30, 7, 7,1000000', 1)
(' 2000, 2000, 2000, 2000, 15, 15, 30, 30, 15, 15,1000000', 1)
(' 2000, 2000, 2000, 2000, 5, 5, 38, 38, 5, 5,1000000', 1)
(' 2000, 2000, 2000, 2000, 24, 24, 38, 38, 24, 24,1000000', 1)
(' 2000, 2000, 2000, 2000, 24, 24, 38, 38, 24, 24,1000000', 1)
(' 2000, 2000, 2000, 2000, 9, 9, 38, 38, 9, 9,1000000', 1)
(' 2000, 2000, 2000, 2000, 5, 5, 19, 19, 5, 5,1000000', 1)
(' 2000, 2000, 2000, 2000, 15, 15, 30, 30, 15, 15,1000000', 1)
(' 2000, 2000, 2000, 2000, 24, 24, 38, 38, 24, 24,1000000', 1)
(' 2000, 2000, 2000, 2000, 4, 4, 11, 11, 4, 4,1000000', 1)
(' 2000, 2000, 2000, 2000, 15, 15, 30, 30, 15, 15,1000000', 1)
(' 2000, 2000, 2000, 2000, 5, 5, 19, 19, 5, 5,1000000', 1)
(' 2000, 2000, 2000, 2000, 9, 9, 38, 38, 9, 9,1000000', 1)
(' 2000, 2000, 2000, 2000, 5, 5, 38, 38, 5, 5,1000000', 1)
(' 2000, 2000, 2000, 2000, 24, 24, 38, 38, 24, 24,1000000', 1)
(' 2000, 2000, 2000, 2000, 9, 9, 19, 19, 9, 9,1000000', 1)
(' 2000, 2000, 2000, 2000, 24, 24, 38, 38, 24, 24,1000000', 1)
(' 2000, 2000, 2000, 2000, 24, 24, 38, 38, 24, 24,1000000', 1)
(' 2000, 2000, 2000, 2000, 6, 6, 11, 11, 6, 6,1000000', 1)
(' 2000, 2000, 2000, 2000, 24, 24, 38, 38, 24, 24,1000000', 1)
(' 2000, 2000, 2000, 2000, 8, 8, 30, 30, 8, 8,1000000', 1)
(' 2000, 2000, 2000, 2000, 7, 7, 30, 30, 7, 7,1000000', 1)
(' 2000, 2000, 2000, 2000, 9, 9, 38, 38, 9, 9,1000000', 1)
(' 2000, 2000, 2000, 2000, 9, 9, 19, 19, 9, 9,1000000', 1)
(' 2000, 2000, 2000, 2000, 4, 4, 11, 11, 4, 4,1000000', 1)
(' 2000, 2000, 2000, 2000, 24, 24, 38, 38, 24, 24,1000000', 1)
(' 2000, 2000, 2000, 2000, 7, 7, 30, 30, 7, 7,1000000', 1)
(' 2000, 2000, 2000, 2000, 15, 15, 30, 30, 15, 15,1000000', 1)
(' 2000, 2000, 2000, 2000, 5, 5, 38, 38, 5, 5,1000000', 1)
(' 2000, 2000, 2000, 2000, 9, 9, 19, 19, 9, 9,1000000', 1)
(' 2000, 2000, 2000, 2000, 9, 9, 38, 38, 9, 9,1000000', 1)
(' 2000, 2000, 2000, 2000, 9, 9, 38, 38, 9, 9,1000000', 1)
(' 2000, 2000, 2000, 2000, 15, 15, 30, 30, 15, 15,1000000', 1)
(' 2000, 2000, 2000, 2000, 24, 24, 38, 38, 24, 24,1000000', 1)
(' 2000, 2000, 2000, 2000, 24, 24, 38, 38, 24, 24,1000000', 1)
(' 2000, 2000, 2000, 2000, 24, 24, 38, 38, 24, 24,1000000', 1)
(' 2000, 2000, 2000, 2000, 8, 8, 30, 30, 8, 8,1000000', 1)
(' 2000, 2000, 2000, 2000, 7, 7, 30, 30, 7, 7,1000000', 1)
(' 2000, 2000, 2000, 2000, 24, 24, 38, 38, 24, 24,1000000', 1)
(' 2000, 2000, 2000, 2000, 9, 9, 38, 38, 9, 9,1000000', 1)
(' 2000, 2000, 2000, 2000, 5, 5, 19, 19, 5, 5,1000000', 1)
(' 2000, 2000, 2000, 2000, 6, 6, 11, 11, 6, 6,1000000', 1)
(' 2000, 2000, 2000, 2000, 15, 15, 30, 30, 15, 15,1000000', 1)
(' 2000, 2000, 2000, 2000, 15, 15, 30, 30, 15, 15,1000000', 1)
(' 2000, 2000, 2000, 2000, 5, 5, 19, 19, 5, 5,1000000', 1)
(' 2000, 2000, 2000, 2000, 1, 1, 1, 1, 1, 1,1000000', 1)
(' 2000, 2000, 2000, 2000, 8, 8, 30, 30, 8, 8,1000000', 1)
(' 2000, 2000, 2000, 2000, 9, 9, 19, 19, 9, 9,1000000', 1)
(' 2000, 2000, 2000, 2000, 15, 15, 30, 30, 15, 15,1000000', 1)
(' 2000, 2000, 2000, 2000, 15, 15, 30, 30, 15, 15,1000000', 1)
(' 2000, 2000, 2000, 2000, 7, 7, 30, 30, 7, 7,1000000', 1)
(' 2000, 2000, 2000, 2000, 24, 24, 38, 38, 24, 24,1000000', 1)
(' 2000, 2000, 2000, 2000, 24, 24, 38, 38, 24, 24,1000000', 1)
(' 2000, 2000, 2000, 2000, 6, 6, 11, 11, 6, 6,1000000', 1)
(' 2000, 2000, 2000, 2000, 24, 24, 38, 38, 24, 24,1000000', 1)
(' 2000, 2000, 2000, 2000, 1, 1, 11, 11, 1, 1,1000000', 1)
(' 2000, 2000, 2000, 2000, 24, 24, 38, 38, 24, 24,1000000', 1)
(' 2000, 2000, 2000, 2000, 6, 6, 11, 11, 6, 6,1000000', 1)
(' 2000, 2000, 2000, 2000, 5, 5, 19, 19, 5, 5,1000000', 1)
(' 2000, 2000, 2000, 2000, 15, 15, 30, 30, 15, 15,1000000', 1)
(' 2000, 2000, 2000, 2000, 24, 24, 38, 38, 24, 24,1000000', 1)
(' 2000, 2000, 2000, 2000, 24, 24, 38, 38, 24, 24,1000000', 1)
(' 2000, 2000, 2000, 2000, 8, 8, 30, 30, 8, 8,1000000', 1)
(' 2000, 2000, 2000, 2000, 9, 9, 19, 19, 9, 9,1000000', 1)
(' 2000, 2000, 2000, 2000, 5, 5, 38, 38, 5, 5,1000000', 1)
(' 2000, 2000, 2000, 2000, 9, 9, 19, 19, 9, 9,1000000', 1)
(' 2000, 2000, 2000, 2000, 15, 15, 30, 30, 15, 15,1000000', 1)
(' 2000, 2000, 2000, 2000, 15, 15, 30, 30, 15, 15,1000000', 1)
(' 2000, 2000, 2000, 2000, 7, 7, 30, 30, 7, 7,1000000', 1)
(' 2000, 2000, 2000, 2000, 9, 9, 38, 38, 9, 9,1000000', 1)
(' 2000, 2000, 2000, 2000, 4, 4, 11, 11, 4, 4,1000000', 1)
(' 2000, 2000, 2000, 2000, 5, 5, 38, 38, 5, 5,1000000', 1)
(' 2000, 2000, 2000, 2000, 5, 5, 19, 19, 5, 5,1000000', 1)
(' 2000, 2000, 2000, 2000, 24, 24, 38, 38, 24, 24,1000000', 1)
(' 2000, 2000, 2000, 2000, 6, 6, 11, 11, 6, 6,1000000', 1)
(' 2000, 2000, 2000, 2000, 9, 9, 19, 19, 9, 9,1000000', 1)
(' 2000, 2000, 2000, 2000, 5, 5, 19, 19, 5, 5,1000000', 1)
(' 2000, 2000, 2000, 2000, 8, 8, 30, 30, 8, 8,1000000', 1)
(' 2000, 2000, 2000, 2000, 7, 7, 30, 30, 7, 7,1000000', 1)
(' 2000, 2000, 2000, 2000, 5, 5, 19, 19, 5, 5,1000000', 1)
(' 2000, 2000, 2000, 2000, 8, 8, 30, 30, 8, 8,1000000', 1)
(' 2000, 2000, 2000, 2000, 24, 24, 38, 38, 24, 24,1000000', 1)
(' 2000, 2000, 2000, 2000, 16, 16, 26, 26, 16, 16,1000000', 1)
(' 2000, 2000, 2000, 2000, 9, 9, 12, 12, 9, 9,1000000', 1)
(' 2000, 2000, 2000, 2000, 16, 16, 26, 26, 16, 16,1000000', 1)
(' 2000, 2000, 2000, 2000, 15, 15, 31, 31, 15, 15,1000000', 1)
(' 2000, 2000, 2000, 2000, 2, 2, 31, 31, 2, 2,1000000', 1)
(' 2000, 2000, 2000, 2000, 9, 9, 12, 12, 9, 9,1000000', 1)
(' 2000, 2000, 2000, 2000, 16, 16, 26, 26, 16, 16,1000000', 1)
(' 2000, 2000, 2000, 2000, 9, 9, 30, 30, 9, 9,1000000', 1)
(' 2000, 2000, 2000, 2000, 5, 5, 31, 31, 5, 5,1000000', 1)
(' 2000, 2000, 2000, 2000, 16, 16, 30, 30, 16, 16,1000000', 1)
(' 2000, 2000, 2000, 2000, 15, 15, 31, 31, 15, 15,1000000', 1)
(' 2000, 2000, 2000, 2000, 9, 9, 31, 31, 9, 9,1000000', 1)
(' 2000, 2000, 2000, 2000, 16, 16, 30, 30, 16, 16,1000000', 1)
(' 2000, 2000, 2000, 2000, 9, 9, 31, 31, 9, 9,1000000', 1)
(' 2000, 2000, 2000, 2000, 15, 15, 31, 31, 15, 15,1000000', 1)
(' 2000, 2000, 2000, 2000, 16, 16, 30, 30, 16, 16,1000000', 1)
(' 2000, 2000, 2000, 2000, 16, 16, 26, 26, 16, 16,1000000', 1)
(' 2000, 2000, 2000, 2000, 16, 16, 26, 26, 16, 16,1000000', 1)
(' 2000, 2000, 2000, 2000, 3, 3, 12, 12, 3, 3,1000000', 1)
(' 2000, 2000, 2000, 2000, 16, 16, 30, 30, 16, 16,1000000', 1)
(' 2000, 2000, 2000, 2000, 15, 15, 31, 31, 15, 15,1000000', 1)
(' 2000, 2000, 2000, 2000, 9, 9, 12, 12, 9, 9,1000000', 1)
(' 2000, 2000, 2000, 2000, 16, 16, 30, 30, 16, 16,1000000', 1)
(' 2000, 2000, 2000, 2000, 6, 6, 26, 26, 6, 6,1000000', 1)
(' 2000, 2000, 2000, 2000, 15, 15, 31, 31, 15, 15,1000000', 1)
(' 2000, 2000, 2000, 2000, 5, 5, 30, 30, 5, 5,1000000', 1)
(' 2000, 2000, 2000, 2000, 9, 9, 12, 12, 9, 9,1000000', 1)
(' 2000, 2000, 2000, 2000, 5, 5, 31, 31, 5, 5,1000000', 1)
(' 2000, 2000, 2000, 2000, 9, 9, 31, 31, 9, 9,1000000', 1)
(' 2000, 2000, 2000, 2000, 9, 9, 31, 31, 9, 9,1000000', 1)
(' 2000, 2000, 2000, 2000, 15, 15, 31, 31, 15, 15,1000000', 1)
(' 2000, 2000, 2000, 2000, 16, 16, 30, 30, 16, 16,1000000', 1)
(' 2000, 2000, 2000, 2000, 16, 16, 30, 30, 16, 16,1000000', 1)
(' 2000, 2000, 2000, 2000, 4, 4, 26, 26, 4, 4,1000000', 1)
(' 2000, 2000, 2000, 2000, 16, 16, 30, 30, 16, 16,1000000', 1)
(' 2000, 2000, 2000, 2000, 6, 6, 26, 26, 6, 6,1000000', 1)
(' 2000, 2000, 2000, 2000, 16, 16, 30, 30, 16, 16,1000000', 1)
(' 2000, 2000, 2000, 2000, 4, 4, 26, 26, 4, 4,1000000', 1)
(' 2000, 2000, 2000, 2000, 9, 9, 12, 12, 9, 9,1000000', 1)
(' 2000, 2000, 2000, 2000, 9, 9, 30, 30, 9, 9,1000000', 1)
(' 2000, 2000, 2000, 2000, 3, 3, 12, 12, 3, 3,1000000', 1)
(' 2000, 2000, 2000, 2000, 5, 5, 30, 30, 5, 5,1000000', 1)
(' 2000, 2000, 2000, 2000, 15, 15, 31, 31, 15, 15,1000000', 1)
(' 2000, 2000, 2000, 2000, 6, 6, 26, 26, 6, 6,1000000', 1)
(' 2000, 2000, 2000, 2000, 16, 16, 30, 30, 16, 16,1000000', 1)
(' 2000, 2000, 2000, 2000, 15, 15, 31, 31, 15, 15,1000000', 1)
(' 2000, 2000, 2000, 2000, 16, 16, 26, 26, 16, 16,1000000', 1)
(' 2000, 2000, 2000, 2000, 9, 9, 12, 12, 9, 9,1000000', 1)
(' 2000, 2000, 2000, 2000, 15, 15, 31, 31, 15, 15,1000000', 1)
(' 2000, 2000, 2000, 2000, 5, 5, 31, 31, 5, 5,1000000', 1)
(' 2000, 2000, 2000, 2000, 16, 16, 26, 26, 16, 16,1000000', 1)
(' 2000, 2000, 2000, 2000, 16, 16, 26, 26, 16, 16,1000000', 1)
(' 2000, 2000, 2000, 2000, 4, 4, 26, 26, 4, 4,1000000', 1)
(' 2000, 2000, 2000, 2000, 5, 5, 31, 31, 5, 5,1000000', 1)
(' 2000, 2000, 2000, 2000, 16, 16, 30, 30, 16, 16,1000000', 1)
(' 2000, 2000, 2000, 2000, 16, 16, 26, 26, 16, 16,1000000', 1)
(' 2000, 2000, 2000, 2000, 9, 9, 30, 30, 9, 9,1000000', 1)
(' 2000, 2000, 2000, 2000, 9, 9, 12, 12, 9, 9,1000000', 1)
(' 2000, 2000, 2000, 2000, 9, 9, 31, 31, 9, 9,1000000', 1)
(' 2000, 2000, 2000, 2000, 9, 9, 12, 12, 9, 9,1000000', 1)
(' 2000, 2000, 2000, 2000, 9, 9, 30, 30, 9, 9,1000000', 1)
(' 2000, 2000, 2000, 2000, 9, 9, 30, 30, 9, 9,1000000', 1)
(' 2000, 2000, 2000, 2000, 16, 16, 26, 26, 16, 16,1000000', 1)
(' 2000, 2000, 2000, 2000, 15, 15, 31, 31, 15, 15,1000000', 1)
(' 2000, 2000, 2000, 2000, 15, 15, 31, 31, 15, 15,1000000', 1)
(' 2000, 2000, 2000, 2000, 5, 5, 30, 30, 5, 5,1000000', 1)
(' 2000, 2000, 2000, 2000, 16, 16, 26, 26, 16, 16,1000000', 1)
(' 2000, 2000, 2000, 2000, 9, 9, 31, 31, 9, 9,1000000', 1)
(' 2000, 2000, 2000, 2000, 9, 9, 12, 12, 9, 9,1000000', 1)
(' 2000, 2000, 2000, 2000, 5, 5, 31, 31, 5, 5,1000000', 1)
(' 2000, 2000, 2000, 2000, 5, 5, 30, 30, 5, 5,1000000', 1)
(' 2000, 2000, 2000, 2000, 16, 16, 30, 30, 16, 16,1000000', 1)
(' 2000, 2000, 2000, 2000, 5, 5, 30, 30, 5, 5,1000000', 1)
(' 2000, 2000, 2000, 2000, 16, 16, 26, 26, 16, 16,1000000', 1)
(' 2000, 2000, 2000, 2000, 2, 2, 31, 31, 2, 2,1000000', 1)
(' 2000, 2000, 2000, 2000, 16, 16, 30, 30, 16, 16,1000000', 1)
(' 2000, 2000, 2000, 2000, 9, 9, 31, 31, 9, 9,1000000', 1)
(' 2000, 2000, 2000, 2000, 16, 16, 30, 30, 16, 16,1000000', 1)
(' 2000, 2000, 2000, 2000, 6, 6, 26, 26, 6, 6,1000000', 1)
(' 2000, 2000, 2000, 2000, 9, 9, 30, 30, 9, 9,1000000', 1)
(' 2000, 2000, 2000, 2000, 9, 9, 30, 30, 9, 9,1000000', 1)
(' 2000, 2000, 2000, 2000, 9, 9, 30, 30, 9, 9,1000000', 1)
(' 2000, 2000, 2000, 2000, 16, 16, 26, 26, 16, 16,1000000', 1)
(' 2000, 2000, 2000, 2000, 15, 15, 31, 31, 15, 15,1000000', 1)
(' 2000, 2000, 2000, 2000, 4, 4, 26, 26, 4, 4,1000000', 1)
(' 2000, 2000, 2000, 2000, 6, 6, 26, 26, 6, 6,1000000', 1)
(' 2000, 2000, 2000, 2000, 16, 16, 30, 30, 16, 16,1000000', 1)
(' 2000, 2000, 2000, 2000, 16, 16, 30, 30, 16, 16,1000000', 1)
(' 2000, 2000, 2000, 2000, 15, 15, 31, 31, 15, 15,1000000', 1)
(' 2000, 2000, 2000, 2000, 9, 9, 31, 31, 9, 9,1000000', 1)
(' 2000, 2000, 2000, 2000, 15, 15, 31, 31, 15, 15,1000000', 1)
(' 2000, 2000, 2000, 2000, 15, 15, 31, 31, 15, 15,1000000', 1)
(' 2000, 2000, 2000, 2000, 16, 16, 26, 26, 16, 16,1000000', 1)
(' 2000, 2000, 2000, 2000, 16, 16, 26, 26, 16, 16,1000000', 1)
(' 2000, 2000, 2000, 2000, 9, 9, 31, 31, 9, 9,1000000', 1)
(' 2000, 2000, 2000, 2000, 9, 9, 30, 30, 9, 9,1000000', 1)
(' 2000, 2000, 2000, 2000, 16, 16, 26, 26, 16, 16,1000000', 1)
(' 2000, 2000, 2000, 2000, 3, 3, 12, 12, 3, 3,1000000', 1)
(' 2000, 2000, 2000, 2000, 6, 6, 26, 26, 6, 6,1000000', 1)
(' 2000, 2000, 2000, 2000, 20, 20, 20, 20, 20, 20,1000000', 1)
(' 2000, 2000, 2000, 2000, 18, 18, 18, 18, 18, 18,1000000', 1)
(' 2000, 2000, 2000, 2000, 21, 21, 21, 21, 21, 21,1000000', 1)
(' 2000, 2000, 2000, 2000, 20, 20, 20, 20, 20, 20,1000000', 1)
(' 2000, 2000, 2000, 2000, 18, 18, 18, 18, 18, 18,1000000', 1)
(' 2000, 2000, 2000, 2000, 13, 13, 14, 14, 13, 13,1000000', 1)
(' 2000, 2000, 2000, 2000, 26, 26, 26, 26, 26, 26,1000000', 1)
(' 2000, 2000, 2000, 2000, 26, 26, 26, 26, 26, 26,1000000', 1)
(' 2000, 2000, 2000, 2000, 26, 26, 26, 26, 26, 26,1000000', 1)
(' 2000, 2000, 2000, 2000, 13, 13, 14, 14, 13, 13,1000000', 1)
(' 2000, 2000, 2000, 2000, 13, 13, 14, 14, 13, 13,1000000', 1)
(' 2000, 2000, 2000, 2000, 26, 26, 26, 26, 26, 26,1000000', 1)
(' 2000, 2000, 2000, 2000, 18, 18, 18, 18, 18, 18,1000000', 1)
(' 2000, 2000, 2000, 2000, 21, 21, 21, 21, 21, 21,1000000', 1)
(' 2000, 2000, 2000, 2000, 13, 13, 14, 14, 13, 13,1000000', 1)
(' 2000, 2000, 2000, 2000, 18, 18, 18, 18, 18, 18,1000000', 1)
(' 2000, 2000, 2000, 2000, 13, 13, 14, 14, 13, 13,1000000', 1)
(' 2000, 2000, 2000, 2000, 18, 18, 18, 18, 18, 18,1000000', 1)
(' 2000, 2000, 2000, 2000, 26, 26, 26, 26, 26, 26,1000000', 1)
(' 2000, 2000, 2000, 2000, 26, 26, 26, 26, 26, 26,1000000', 1)
(' 2000, 2000, 2000, 2000, 20, 20, 20, 20, 20, 20,1000000', 1)
(' 2000, 2000, 2000, 2000, 26, 26, 26, 26, 26, 26,1000000', 1)
(' 2000, 2000, 2000, 2000, 13, 13, 14, 14, 13, 13,1000000', 1)
(' 2000, 2000, 2000, 2000, 18, 18, 18, 18, 18, 18,1000000', 1)
(' 2000, 2000, 2000, 2000, 26, 26, 26, 26, 26, 26,1000000', 1)
(' 2000, 2000, 2000, 2000, 21, 21, 21, 21, 21, 21,1000000', 1)
(' 2000, 2000, 2000, 2000, 26, 26, 26, 26, 26, 26,1000000', 1)
(' 2000, 2000, 2000, 2000, 21, 21, 21, 21, 21, 21,1000000', 1)
(' 2000, 2000, 2000, 2000, 21, 21, 21, 21, 21, 21,1000000', 1)
(' 2000, 2000, 2000, 2000, 21, 21, 21, 21, 21, 21,1000000', 1)
(' 2000, 2000, 2000, 2000, 26, 26, 26, 26, 26, 26,1000000', 1)
(' 2000, 2000, 2000, 2000, 20, 20, 20, 20, 20, 20,1000000', 1)
(' 2000, 2000, 2000, 2000, 20, 20, 20, 20, 20, 20,1000000', 1)
(' 2000, 2000, 2000, 2000, 21, 21, 21, 21, 21, 21,1000000', 1)
(' 2000, 2000, 2000, 2000, 20, 20, 20, 20, 20, 20,1000000', 1)
(' 2000, 2000, 2000, 2000, 21, 21, 21, 21, 21, 21,1000000', 1)
(' 2000, 2000, 2000, 2000, 26, 26, 26, 26, 26, 26,1000000', 1)
(' 2000, 2000, 2000, 2000, 20, 20, 20, 20, 20, 20,1000000', 1)
(' 2000, 2000, 2000, 2000, 13, 13, 14, 14, 13, 13,1000000', 1)
(' 2000, 2000, 2000, 2000, 18, 18, 18, 18, 18, 18,1000000', 1)
(' 2000, 2000, 2000, 2000, 21, 21, 21, 21, 21, 21,1000000', 1)
(' 2000, 2000, 2000, 2000, 26, 26, 26, 26, 26, 26,1000000', 1)
(' 2000, 2000, 2000, 2000, 13, 13, 14, 14, 13, 13,1000000', 1)
(' 2000, 2000, 2000, 2000, 18, 18, 18, 18, 18, 18,1000000', 1)
(' 2000, 2000, 2000, 2000, 26, 26, 26, 26, 26, 26,1000000', 1)
(' 2000, 2000, 2000, 2000, 26, 26, 26, 26, 26, 26,1000000', 1)
(' 2000, 2000, 2000, 2000, 21, 21, 21, 21, 21, 21,1000000', 1)
(' 2000, 2000, 2000, 2000, 18, 18, 18, 18, 18, 18,1000000', 1)
(' 2000, 2000, 2000, 2000, 20, 20, 20, 20, 20, 20,1000000', 1)
(' 2000, 2000, 2000, 2000, 20, 20, 20, 20, 20, 20,1000000', 1)
(' 2000, 2000, 2000, 2000, 21, 21, 21, 21, 21, 21,1000000', 1)
(' 2000, 2000, 2000, 2000, 26, 26, 26, 26, 26, 26,1000000', 1)
(' 2000, 2000, 2000, 2000, 21, 21, 21, 21, 21, 21,1000000', 1)
(' 2000, 2000, 2000, 2000, 20, 20, 20, 20, 20, 20,1000000', 1)
(' 2000, 2000, 2000, 2000, 21, 21, 21, 21, 21, 21,1000000', 1)
(' 2000, 2000, 2000, 2000, 26, 26, 26, 26, 26, 26,1000000', 1)
(' 2000, 2000, 2000, 2000, 21, 21, 21, 21, 21, 21,1000000', 1)
(' 2000, 2000, 2000, 2000, 18, 18, 18, 18, 18, 18,1000000', 1)
(' 2000, 2000, 2000, 2000, 13, 13, 14, 14, 13, 13,1000000', 1)
(' 2000, 2000, 2000, 2000, 13, 13, 14, 14, 13, 13,1000000', 1)
(' 2000, 2000, 2000, 2000, 18, 18, 18, 18, 18, 18,1000000', 1)
(' 2000, 2000, 2000, 2000, 20, 20, 20, 20, 20, 20,1000000', 1)
(' 2000, 2000, 2000, 2000, 26, 26, 26, 26, 26, 26,1000000', 1)
(' 2000, 2000, 2000, 2000, 21, 21, 21, 21, 21, 21,1000000', 1)
(' 2000, 2000, 2000, 2000, 26, 26, 26, 26, 26, 26,1000000', 1)
(' 2000, 2000, 2000, 2000, 21, 21, 21, 21, 21, 21,1000000', 1)
(' 2000, 2000, 2000, 2000, 26, 26, 26, 26, 26, 26,1000000', 1)
(' 2000, 2000, 2000, 2000, 26, 26, 26, 26, 26, 26,1000000', 1)
(' 2000, 2000, 2000, 2000, 13, 13, 14, 14, 13, 13,1000000', 1)
(' 2000, 2000, 2000, 2000, 26, 26, 26, 26, 26, 26,1000000', 1)
(' 2000, 2000, 2000, 2000, 18, 18, 18, 18, 18, 18,1000000', 1)
(' 2000, 2000, 2000, 2000, 26, 26, 26, 26, 26, 26,1000000', 1)
(' 2000, 2000, 2000, 2000, 20, 20, 20, 20, 20, 20,1000000', 1)
(' 2000, 2000, 2000, 2000, 26, 26, 26, 26, 26, 26,1000000', 1)
(' 2000, 2000, 2000, 2000, 21, 21, 21, 21, 21, 21,1000000', 1)
(' 2000, 2000, 2000, 2000, 20, 20, 20, 20, 20, 20,1000000', 1)
(' 2000, 2000, 2000, 2000, 18, 18, 18, 18, 18, 18,1000000', 1)
(' 2000, 2000, 2000, 2000, 20, 20, 20, 20, 20, 20,1000000', 1)
(' 2000, 2000, 2000, 2000, 18, 18, 18, 18, 18, 18,1000000', 1)
(' 2000, 2000, 2000, 2000, 18, 18, 18, 18, 18, 18,1000000', 1)
(' 2000, 2000, 2000, 2000, 26, 26, 26, 26, 26, 26,1000000', 1)
(' 2000, 2000, 2000, 2000, 26, 26, 26, 26, 26, 26,1000000', 1)
(' 2000, 2000, 2000, 2000, 20, 20, 20, 20, 20, 20,1000000', 1)
(' 2000, 2000, 2000, 2000, 20, 20, 20, 20, 20, 20,1000000', 1)
(' 2000, 2000, 2000, 2000, 21, 21, 21, 21, 21, 21,1000000', 1)
(' 2000, 2000, 2000, 2000, 20, 20, 20, 20, 20, 20,1000000', 1)
(' 2000, 2000, 2000, 2000, 21, 21, 21, 21, 21, 21,1000000', 1)
(' 2000, 2000, 2000, 2000, 13, 13, 14, 14, 13, 13,1000000', 1)
(' 2000, 2000, 2000, 2000, 26, 26, 26, 26, 26, 26,1000000', 1)
(' 2000, 2000, 2000, 2000, 18, 18, 18, 18, 18, 18,1000000', 1)
(' 2000, 2000, 2000, 2000, 21, 21, 21, 21, 21, 21,1000000', 1)
(' 2000, 2000, 2000, 2000, 20, 20, 20, 20, 20, 20,1000000', 1)
(' 2000, 2000, 2000, 2000, 1, 1, 14, 14, 1, 1,1000000', 1)
(' 2000, 2000, 2000, 2000, 18, 18, 18, 18, 18, 18,1000000', 1)
(' 2000, 2000, 2000, 2000, 21, 21, 21, 21, 21, 21,1000000', 1)
(' 2000, 2000, 2000, 2000, 13, 13, 14, 14, 13, 13,1000000', 1)
(' 2000, 2000, 2000, 2000, 18, 18, 18, 18, 18, 18,1000000', 1)
(' 2000, 2000, 2000, 2000, 20, 20, 20, 20, 20, 20,1000000', 1)
(' 2000, 2000, 2000, 2000, 20, 20, 20, 20, 20, 20,1000000', 1)
(' 2000, 2000, 2000, 2000, 32, 32, 53, 53, 32, 32,1000000', 1)
(' 2000, 2000, 2000, 2000, 32, 32, 53, 53, 32, 32,1000000', 1)
(' 2000, 2000, 2000, 2000, 6, 6, 53, 53, 6, 6,1000000', 1)
(' 2000, 2000, 2000, 2000, 32, 32, 53, 53, 32, 32,1000000', 1)
(' 2000, 2000, 2000, 2000, 13, 13, 46, 46, 13, 13,1000000', 1)
(' 2000, 2000, 2000, 2000, 32, 32, 53, 53, 32, 32,1000000', 1)
(' 2000, 2000, 2000, 2000, 12, 12, 53, 53, 12, 12,1000000', 1)
(' 2000, 2000, 2000, 2000, 3, 3, 53, 53, 3, 3,1000000', 1)
(' 2000, 2000, 2000, 2000, 13, 13, 46, 46, 13, 13,1000000', 1)
(' 2000, 2000, 2000, 2000, 12, 12, 53, 53, 12, 12,1000000', 1)
(' 2000, 2000, 2000, 2000, 32, 32, 53, 53, 32, 32,1000000', 1)
(' 2000, 2000, 2000, 2000, 11, 11, 46, 46, 11, 11,1000000', 1)
(' 2000, 2000, 2000, 2000, 11, 11, 46, 46, 11, 11,1000000', 1)
(' 2000, 2000, 2000, 2000, 13, 13, 46, 46, 13, 13,1000000', 1)
(' 2000, 2000, 2000, 2000, 32, 32, 53, 53, 32, 32,1000000', 1)
(' 2000, 2000, 2000, 2000, 32, 32, 53, 53, 32, 32,1000000', 1)
(' 2000, 2000, 2000, 2000, 22, 22, 46, 46, 22, 22,1000000', 1)
(' 2000, 2000, 2000, 2000, 22, 22, 46, 46, 22, 22,1000000', 1)
(' 2000, 2000, 2000, 2000, 11, 11, 46, 46, 11, 11,1000000', 1)
(' 2000, 2000, 2000, 2000, 11, 11, 46, 46, 11, 11,1000000', 1)
(' 2000, 2000, 2000, 2000, 32, 32, 53, 53, 32, 32,1000000', 1)
(' 2000, 2000, 2000, 2000, 32, 32, 53, 53, 32, 32,1000000', 1)
(' 2000, 2000, 2000, 2000, 12, 12, 53, 53, 12, 12,1000000', 1)
(' 2000, 2000, 2000, 2000, 32, 32, 53, 53, 32, 32,1000000', 1)
(' 2000, 2000, 2000, 2000, 22, 22, 46, 46, 22, 22,1000000', 1)
(' 2000, 2000, 2000, 2000, 13, 13, 46, 46, 13, 13,1000000', 1)
(' 2000, 2000, 2000, 2000, 32, 32, 53, 53, 32, 32,1000000', 1)
(' 2000, 2000, 2000, 2000, 12, 12, 53, 53, 12, 12,1000000', 1)
(' 2000, 2000, 2000, 2000, 32, 32, 53, 53, 32, 32,1000000', 1)
(' 2000, 2000, 2000, 2000, 32, 32, 53, 53, 32, 32,1000000', 1)
(' 2000, 2000, 2000, 2000, 22, 22, 46, 46, 22, 22,1000000', 1)
(' 2000, 2000, 2000, 2000, 32, 32, 53, 53, 32, 32,1000000', 1)
(' 2000, 2000, 2000, 2000, 22, 22, 46, 46, 22, 22,1000000', 1)
(' 2000, 2000, 2000, 2000, 13, 13, 46, 46, 13, 13,1000000', 1)
(' 2000, 2000, 2000, 2000, 3, 3, 53, 53, 3, 3,1000000', 1)
(' 2000, 2000, 2000, 2000, 11, 11, 46, 46, 11, 11,1000000', 1)
(' 2000, 2000, 2000, 2000, 32, 32, 53, 53, 32, 32,1000000', 1)
(' 2000, 2000, 2000, 2000, 32, 32, 53, 53, 32, 32,1000000', 1)
(' 2000, 2000, 2000, 2000, 22, 22, 46, 46, 22, 22,1000000', 1)
(' 2000, 2000, 2000, 2000, 22, 22, 46, 46, 22, 22,1000000', 1)
(' 2000, 2000, 2000, 2000, 22, 22, 46, 46, 22, 22,1000000', 1)
(' 2000, 2000, 2000, 2000, 22, 22, 46, 46, 22, 22,1000000', 1)
(' 2000, 2000, 2000, 2000, 22, 22, 46, 46, 22, 22,1000000', 1)
(' 2000, 2000, 2000, 2000, 12, 12, 53, 53, 12, 12,1000000', 1)
(' 2000, 2000, 2000, 2000, 32, 32, 53, 53, 32, 32,1000000', 1)
(' 2000, 2000, 2000, 2000, 13, 13, 46, 46, 13, 13,1000000', 1)
(' 2000, 2000, 2000, 2000, 22, 22, 46, 46, 22, 22,1000000', 1)
(' 2000, 2000, 2000, 2000, 32, 32, 53, 53, 32, 32,1000000', 1)
(' 2000, 2000, 2000, 2000, 6, 6, 53, 53, 6, 6,1000000', 1)
(' 2000, 2000, 2000, 2000, 6, 6, 53, 53, 6, 6,1000000', 1)
(' 2000, 2000, 2000, 2000, 6, 6, 53, 53, 6, 6,1000000', 1)
(' 2000, 2000, 2000, 2000, 13, 13, 46, 46, 13, 13,1000000', 1)
(' 2000, 2000, 2000, 2000, 11, 11, 46, 46, 11, 11,1000000', 1)
(' 2000, 2000, 2000, 2000, 22, 22, 46, 46, 22, 22,1000000', 1)
(' 2000, 2000, 2000, 2000, 22, 22, 46, 46, 22, 22,1000000', 1)
(' 2000, 2000, 2000, 2000, 11, 11, 46, 46, 11, 11,1000000', 1)
(' 2000, 2000, 2000, 2000, 22, 22, 46, 46, 22, 22,1000000', 1)
(' 2000, 2000, 2000, 2000, 12, 12, 53, 53, 12, 12,1000000', 1)
(' 2000, 2000, 2000, 2000, 13, 13, 46, 46, 13, 13,1000000', 1)
(' 2000, 2000, 2000, 2000, 6, 6, 53, 53, 6, 6,1000000', 1)
(' 2000, 2000, 2000, 2000, 6, 6, 53, 53, 6, 6,1000000', 1)
(' 2000, 2000, 2000, 2000, 12, 12, 53, 53, 12, 12,1000000', 1)
(' 2000, 2000, 2000, 2000, 13, 13, 46, 46, 13, 13,1000000', 1)
(' 2000, 2000, 2000, 2000, 32, 32, 53, 53, 32, 32,1000000', 1)
(' 2000, 2000, 2000, 2000, 22, 22, 46, 46, 22, 22,1000000', 1)
(' 2000, 2000, 2000, 2000, 32, 32, 53, 53, 32, 32,1000000', 1)
(' 2000, 2000, 2000, 2000, 32, 32, 53, 53, 32, 32,1000000', 1)
(' 2000, 2000, 2000, 2000, 13, 13, 46, 46, 13, 13,1000000', 1)
(' 2000, 2000, 2000, 2000, 22, 22, 46, 46, 22, 22,1000000', 1)
(' 2000, 2000, 2000, 2000, 12, 12, 53, 53, 12, 12,1000000', 1)
(' 2000, 2000, 2000, 2000, 11, 11, 46, 46, 11, 11,1000000', 1)
(' 2000, 2000, 2000, 2000, 32, 32, 53, 53, 32, 32,1000000', 1)
(' 2000, 2000, 2000, 2000, 12, 12, 53, 53, 12, 12,1000000', 1)
(' 2000, 2000, 2000, 2000, 32, 32, 53, 53, 32, 32,1000000', 1)
(' 2000, 2000, 2000, 2000, 22, 22, 46, 46, 22, 22,1000000', 1)
(' 2000, 2000, 2000, 2000, 32, 32, 53, 53, 32, 32,1000000', 1)
(' 2000, 2000, 2000, 2000, 22, 22, 46, 46, 22, 22,1000000', 1)
(' 2000, 2000, 2000, 2000, 11, 11, 46, 46, 11, 11,1000000', 1)
(' 2000, 2000, 2000, 2000, 11, 11, 46, 46, 11, 11,1000000', 1)
(' 2000, 2000, 2000, 2000, 13, 13, 46, 46, 13, 13,1000000', 1)
(' 2000, 2000, 2000, 2000, 22, 22, 46, 46, 22, 22,1000000', 1)
(' 2000, 2000, 2000, 2000, 32, 32, 53, 53, 32, 32,1000000', 1)
(' 2000, 2000, 2000, 2000, 32, 32, 53, 53, 32, 32,1000000', 1)
(' 2000, 2000, 2000, 2000, 13, 13, 46, 46, 13, 13,1000000', 1)
(' 2000, 2000, 2000, 2000, 32, 32, 53, 53, 32, 32,1000000', 1)
(' 2000, 2000, 2000, 2000, 22, 22, 46, 46, 22, 22,1000000', 1)
(' 2000, 2000, 2000, 2000, 12, 12, 53, 53, 12, 12,1000000', 1)
(' 2000, 2000, 2000, 2000, 22, 22, 46, 46, 22, 22,1000000', 1)
(' 2000, 2000, 2000, 2000, 32, 32, 53, 53, 32, 32,1000000', 1)
(' 2000, 2000, 2000, 2000, 22, 22, 46, 46, 22, 22,1000000', 1)
(' 2000, 2000, 2000, 2000, 32, 32, 53, 53, 32, 32,1000000', 1)
(' 2000, 2000, 2000, 2000, 12, 12, 53, 53, 12, 12,1000000', 1)
(' 2000, 2000, 2000, 2000, 11, 11, 46, 46, 11, 11,1000000', 1)
(' 2000, 2000, 2000, 2000, 32, 32, 53, 53, 32, 32,1000000', 1)
(' 2000, 2000, 2000, 2000, 32, 32, 53, 53, 32, 32,1000000', 1)
(' 2000, 2000, 2000, 2000, 32, 32, 53, 53, 32, 32,1000000', 1)
(' 2000, 2000, 2000, 2000, 12, 12, 53, 53, 12, 12,1000000', 1)
(' 2000, 2000, 2000, 2000, 13, 13, 46, 46, 13, 13,1000000', 1)
(' 2000, 2000, 2000, 2000, 3, 3, 53, 53, 3, 3,1000000', 1)
(' 2000, 2000, 2000, 2000, 31, 31, 99, 99, 31, 31,1000000', 1)
(' 2000, 2000, 2000, 2000, 29, 29, 99, 99, 29, 29,1000000', 1)
(' 2000, 2000, 2000, 2000, 31, 31, 99, 99, 31, 31,1000000', 1)
(' 2000, 2000, 2000, 2000, 39, 39, 99, 99, 39, 39,1000000', 1)
(' 2000, 2000, 2000, 2000, 29, 29, 99, 99, 29, 29,1000000', 1)
(' 2000, 2000, 2000, 2000, 29, 29, 99, 99, 29, 29,1000000', 1)
(' 2000, 2000, 2000, 2000, 29, 29, 99, 99, 29, 29,1000000', 1)
(' 2000, 2000, 2000, 2000, 29, 29, 99, 99, 29, 29,1000000', 1)
(' 2000, 2000, 2000, 2000, 29, 29, 99, 99, 29, 29,1000000', 1)
(' 2000, 2000, 2000, 2000, 29, 29, 99, 99, 29, 29,1000000', 1)
(' 2000, 2000, 2000, 2000, 39, 39, 99, 99, 39, 39,1000000', 1)
(' 2000, 2000, 2000, 2000, 29, 29, 99, 99, 29, 29,1000000', 1)
(' 2000, 2000, 2000, 2000, 29, 29, 99, 99, 29, 29,1000000', 1)
(' 2000, 2000, 2000, 2000, 39, 39, 99, 99, 39, 39,1000000', 1)
(' 2000, 2000, 2000, 2000, 29, 29, 99, 99, 29, 29,1000000', 1)
(' 2000, 2000, 2000, 2000, 31, 31, 99, 99, 31, 31,1000000', 1)
(' 2000, 2000, 2000, 2000, 31, 31, 99, 99, 31, 31,1000000', 1)
(' 2000, 2000, 2000, 2000, 39, 39, 99, 99, 39, 39,1000000', 1)
(' 2000, 2000, 2000, 2000, 31, 31, 99, 99, 31, 31,1000000', 1)
(' 2000, 2000, 2000, 2000, 31, 31, 99, 99, 31, 31,1000000', 1)
(' 2000, 2000, 2000, 2000, 39, 39, 99, 99, 39, 39,1000000', 1)
(' 2000, 2000, 2000, 2000, 31, 31, 99, 99, 31, 31,1000000', 1)
(' 2000, 2000, 2000, 2000, 31, 31, 99, 99, 31, 31,1000000', 1)
(' 2000, 2000, 2000, 2000, 29, 29, 99, 99, 29, 29,1000000', 1)
(' 2000, 2000, 2000, 2000, 39, 39, 99, 99, 39, 39,1000000', 1)
(' 2000, 2000, 2000, 2000, 39, 39, 99, 99, 39, 39,1000000', 1)
(' 2000, 2000, 2000, 2000, 31, 31, 99, 99, 31, 31,1000000', 1)
(' 2000, 2000, 2000, 2000, 31, 31, 99, 99, 31, 31,1000000', 1)
(' 2000, 2000, 2000, 2000, 39, 39, 99, 99, 39, 39,1000000', 1)
(' 2000, 2000, 2000, 2000, 29, 29, 99, 99, 29, 29,1000000', 1)
(' 2000, 2000, 2000, 2000, 39, 39, 99, 99, 39, 39,1000000', 1)
(' 2000, 2000, 2000, 2000, 31, 31, 99, 99, 31, 31,1000000', 1)
(' 2000, 2000, 2000, 2000, 39, 39, 99, 99, 39, 39,1000000', 1)
(' 2000, 2000, 2000, 2000, 31, 31, 99, 99, 31, 31,1000000', 1)
(' 2000, 2000, 2000, 2000, 39, 39, 99, 99, 39, 39,1000000', 1)
(' 2000, 2000, 2000, 2000, 39, 39, 99, 99, 39, 39,1000000', 1)
(' 2000, 2000, 2000, 2000, 39, 39, 99, 99, 39, 39,1000000', 1)
(' 2000, 2000, 2000, 2000, 39, 39, 99, 99, 39, 39,1000000', 1)
(' 2000, 2000, 2000, 2000, 29, 29, 99, 99, 29, 29,1000000', 1)
(' 2000, 2000, 2000, 2000, 31, 31, 99, 99, 31, 31,1000000', 1)
(' 2000, 2000, 2000, 2000, 39, 39, 99, 99, 39, 39,1000000', 1)
(' 2000, 2000, 2000, 2000, 31, 31, 99, 99, 31, 31,1000000', 1)
(' 2000, 2000, 2000, 2000, 29, 29, 99, 99, 29, 29,1000000', 1)
(' 2000, 2000, 2000, 2000, 29, 29, 99, 99, 29, 29,1000000', 1)
(' 2000, 2000, 2000, 2000, 29, 29, 99, 99, 29, 29,1000000', 1)
(' 2000, 2000, 2000, 2000, 39, 39, 99, 99, 39, 39,1000000', 1)
(' 2000, 2000, 2000, 2000, 31, 31, 99, 99, 31, 31,1000000', 1)
(' 2000, 2000, 2000, 2000, 31, 31, 99, 99, 31, 31,1000000', 1)
(' 2000, 2000, 2000, 2000, 29, 29, 99, 99, 29, 29,1000000', 1)
(' 2000, 2000, 2000, 2000, 39, 39, 99, 99, 39, 39,1000000', 1)
(' 2000, 2000, 2000, 2000, 31, 31, 99, 99, 31, 31,1000000', 1)
(' 2000, 2000, 2000, 2000, 39, 39, 99, 99, 39, 39,1000000', 1)
(' 2000, 2000, 2000, 2000, 31, 31, 99, 99, 31, 31,1000000', 1)
(' 2000, 2000, 2000, 2000, 31, 31, 99, 99, 31, 31,1000000', 1)
(' 2000, 2000, 2000, 2000, 31, 31, 99, 99, 31, 31,1000000', 1)
(' 2000, 2000, 2000, 2000, 39, 39, 99, 99, 39, 39,1000000', 1)
(' 2000, 2000, 2000, 2000, 31, 31, 99, 99, 31, 31,1000000', 1)
(' 2000, 2000, 2000, 2000, 29, 29, 99, 99, 29, 29,1000000', 1)
(' 2000, 2000, 2000, 2000, 39, 39, 99, 99, 39, 39,1000000', 1)
(' 2000, 2000, 2000, 2000, 39, 39, 99, 99, 39, 39,1000000', 1)
(' 2000, 2000, 2000, 2000, 31, 31, 99, 99, 31, 31,1000000', 1)
(' 2000, 2000, 2000, 2000, 39, 39, 99, 99, 39, 39,1000000', 1)
(' 2000, 2000, 2000, 2000, 29, 29, 99, 99, 29, 29,1000000', 1)
(' 2000, 2000, 2000, 2000, 29, 29, 99, 99, 29, 29,1000000', 1)
(' 2000, 2000, 2000, 2000, 29, 29, 99, 99, 29, 29,1000000', 1)
(' 2000, 2000, 2000, 2000, 29, 29, 99, 99, 29, 29,1000000', 1)
(' 2000, 2000, 2000, 2000, 39, 39, 99, 99, 39, 39,1000000', 1)
(' 2000, 2000, 2000, 2000, 29, 29, 99, 99, 29, 29,1000000', 1)
(' 2000, 2000, 2000, 2000, 39, 39, 99, 99, 39, 39,1000000', 1)
(' 2000, 2000, 2000, 2000, 39, 39, 99, 99, 39, 39,1000000', 1)
(' 2000, 2000, 2000, 2000, 29, 29, 99, 99, 29, 29,1000000', 1)
(' 2000, 2000, 2000, 2000, 39, 39, 99, 99, 39, 39,1000000', 1)
(' 2000, 2000, 2000, 2000, 31, 31, 99, 99, 31, 31,1000000', 1)
(' 2000, 2000, 2000, 2000, 39, 39, 99, 99, 39, 39,1000000', 1)
(' 2000, 2000, 2000, 2000, 31, 31, 99, 99, 31, 31,1000000', 1)
(' 2000, 2000, 2000, 2000, 39, 39, 99, 99, 39, 39,1000000', 1)
(' 2000, 2000, 2000, 2000, 29, 29, 99, 99, 29, 29,1000000', 1)
(' 2000, 2000, 2000, 2000, 31, 31, 99, 99, 31, 31,1000000', 1)
(' 2000, 2000, 2000, 2000, 29, 29, 99, 99, 29, 29,1000000', 1)
(' 2000, 2000, 2000, 2000, 39, 39, 99, 99, 39, 39,1000000', 1)
(' 2000, 2000, 2000, 2000, 31, 31, 99, 99, 31, 31,1000000', 1)
(' 2000, 2000, 2000, 2000, 39, 39, 99, 99, 39, 39,1000000', 1)
(' 2000, 2000, 2000, 2000, 31, 31, 99, 99, 31, 31,1000000', 1)
(' 2000, 2000, 2000, 2000, 29, 29, 99, 99, 29, 29,1000000', 1)
(' 2000, 2000, 2000, 2000, 31, 31, 99, 99, 31, 31,1000000', 1)
(' 2000, 2000, 2000, 2000, 39, 39, 99, 99, 39, 39,1000000', 1)
(' 2000, 2000, 2000, 2000, 39, 39, 99, 99, 39, 39,1000000', 1)
(' 2000, 2000, 2000, 2000, 39, 39, 99, 99, 39, 39,1000000', 1)
(' 2000, 2000, 2000, 2000, 29, 29, 99, 99, 29, 29,1000000', 1)
(' 2000, 2000, 2000, 2000, 29, 29, 99, 99, 29, 29,1000000', 1)
(' 2000, 2000, 2000, 2000, 39, 39, 99, 99, 39, 39,1000000', 1)
(' 2000, 2000, 2000, 2000, 39, 39, 99, 99, 39, 39,1000000', 1)
(' 2000, 2000, 2000, 2000, 39, 39, 99, 99, 39, 39,1000000', 1)
(' 2000, 2000, 2000, 2000, 39, 39, 99, 99, 39, 39,1000000', 1)
(' 2000, 2000, 2000, 2000, 31, 31, 99, 99, 31, 31,1000000', 1)
(' 2000, 2000, 2000, 2000, 39, 39, 99, 99, 39, 39,1000000', 1)
(' 2000, 2000, 2000, 2000, 39, 39, 99, 99, 39, 39,1000000', 1)
(' 2000, 2000, 2000, 2000, 31, 31, 99, 99, 31, 31,1000000', 1)
(' 2000, 2000, 2000, 2000, 31, 31, 99, 99, 31, 31,1000000', 1)
(' 2000, 2000, 2000, 2000, 3, 3, 20, 20, 3, 3,1000000', 1)
(' 2000, 2000, 2000, 2000, 7, 7, 20, 20, 7, 7,1000000', 1)
(' 2000, 2000, 2000, 2000, 7, 7, 20, 20, 7, 7,1000000', 1)
(' 2000, 2000, 2000, 2000, 3, 3, 20, 20, 3, 3,1000000', 1)
(' 2000, 2000, 2000, 2000, 2, 2, 20, 20, 2, 2,1000000', 1)
(' 2000, 2000, 2000, 2000, 3, 3, 20, 20, 3, 3,1000000', 1)
(' 2000, 2000, 2000, 2000, 4, 4, 20, 20, 4, 4,1000000', 1)
(' 2000, 2000, 2000, 2000, 2, 2, 20, 20, 2, 2,1000000', 1)
(' 2000, 2000, 2000, 2000, 7, 7, 20, 20, 7, 7,1000000', 1)
(' 2000, 2000, 2000, 2000, 7, 7, 20, 20, 7, 7,1000000', 1)
(' 2000, 2000, 2000, 2000, 3, 3, 20, 20, 3, 3,1000000', 1)
(' 2000, 2000, 2000, 2000, 3, 3, 20, 20, 3, 3,1000000', 1)
(' 2000, 2000, 2000, 2000, 7, 7, 20, 20, 7, 7,1000000', 1)
(' 2000, 2000, 2000, 2000, 7, 7, 20, 20, 7, 7,1000000', 1)
(' 2000, 2000, 2000, 2000, 7, 7, 20, 20, 7, 7,1000000', 1)
(' 2000, 2000, 2000, 2000, 4, 4, 20, 20, 4, 4,1000000', 1)
(' 2000, 2000, 2000, 2000, 4, 4, 20, 20, 4, 4,1000000', 1)
(' 2000, 2000, 2000, 2000, 3, 3, 20, 20, 3, 3,1000000', 1)
(' 2000, 2000, 2000, 2000, 4, 4, 20, 20, 4, 4,1000000', 1)
(' 2000, 2000, 2000, 2000, 1, 1, 20, 20, 1, 1,1000000', 1)
