(' 2000, 2000, 2000, 2000, 4, 4, 10, 10, 4, 4,1000000', 1)
(' 2000, 2000, 2000, 2000, 2, 2, 26, 26, 2, 2,1000000', 1)
(' 2000, 2000, 2000, 2000, 5, 5, 26, 26, 5, 5,1000000', 1)
(' 2000, 2000, 2000, 2000, 4, 4, 20, 20, 4, 4,1000000', 1)
(' 2000, 2000, 2000, 2000, 3, 3, 20, 20, 3, 3,1000000', 1)
(' 2000, 2000, 2000, 2000, 1, 1, 6, 6, 1, 1,1000000', 1)
(' 2000, 2000, 2000, 2000, 1, 1, 8, 8, 1, 1,1000000', 1)
(' 2000, 2000, 2000, 2000, 7, 7, 26, 26, 7, 7,1000000', 1)
(' 2000, 2000, 2000, 2000, 5, 5, 26, 26, 5, 5,1000000', 1)
(' 2000, 2000, 2000, 2000, 4, 4, 26, 26, 4, 4,1000000', 1)
(' 2000, 2000, 2000, 2000, 7, 7, 26, 26, 7, 7,1000000', 1)
(' 2000, 2000, 2000, 2000, 2, 2, 20, 20, 2, 2,1000000', 1)
(' 2000, 2000, 2000, 2000, 2, 2, 20, 20, 2, 2,1000000', 1)
(' 2000, 2000, 2000, 2000, 5, 5, 26, 26, 5, 5,1000000', 1)
(' 2000, 2000, 2000, 2000, 5, 5, 26, 26, 5, 5,1000000', 1)
(' 2000, 2000, 2000, 2000, 6, 6, 8, 8, 6, 6,1000000', 1)
(' 2000, 2000, 2000, 2000, 2, 2, 4, 4, 2, 2,1000000', 1)
(' 2000, 2000, 2000, 2000, 2, 2, 20, 20, 2, 2,1000000', 1)
(' 2000, 2000, 2000, 2000, 4, 4, 20, 20, 4, 4,1000000', 1)
(' 2000, 2000, 2000, 2000, 1, 1, 10, 10, 1, 1,1000000', 1)
(' 2000, 2000, 2000, 2000, 4, 4, 26, 26, 4, 4,1000000', 1)
(' 2000, 2000, 2000, 2000, 4, 4, 7, 7, 4, 4,1000000', 1)
(' 2000, 2000, 2000, 2000, 3, 3, 20, 20, 3, 3,1000000', 1)
(' 2000, 2000, 2000, 2000, 3, 3, 7, 7, 3, 3,1000000', 1)
(' 2000, 2000, 2000, 2000, 7, 7, 26, 26, 7, 7,1000000', 1)
(' 2000, 2000, 2000, 2000, 6, 6, 8, 8, 6, 6,1000000', 1)
(' 2000, 2000, 2000, 2000, 7, 7, 26, 26, 7, 7,1000000', 1)
(' 2000, 2000, 2000, 2000, 1, 1, 12, 12, 1, 1,1000000', 1)
(' 2000, 2000, 2000, 2000, 3, 3, 20, 20, 3, 3,1000000', 1)
(' 2000, 2000, 2000, 2000, 3, 3, 20, 20, 3, 3,1000000', 1)
(' 2000, 2000, 2000, 2000, 3, 3, 20, 20, 3, 3,1000000', 1)
(' 2000, 2000, 2000, 2000, 7, 7, 12, 12, 7, 7,1000000', 1)
(' 2000, 2000, 2000, 2000, 7, 7, 26, 26, 7, 7,1000000', 1)
(' 2000, 2000, 2000, 2000, 4, 4, 26, 26, 4, 4,1000000', 1)
(' 2000, 2000, 2000, 2000, 2, 2, 4, 4, 2, 2,1000000', 1)
(' 2000, 2000, 2000, 2000, 4, 4, 12, 12, 4, 4,1000000', 1)
(' 2000, 2000, 2000, 2000, 7, 7, 12, 12, 7, 7,1000000', 1)
(' 2000, 2000, 2000, 2000, 2, 2, 20, 20, 2, 2,1000000', 1)
(' 2000, 2000, 2000, 2000, 4, 4, 12, 12, 4, 4,1000000', 1)
(' 2000, 2000, 2000, 2000, 2, 2, 10, 10, 2, 2,1000000', 1)
(' 2000, 2000, 2000, 2000, 6, 6, 8, 8, 6, 6,1000000', 1)
(' 2000, 2000, 2000, 2000, 3, 3, 4, 4, 3, 3,1000000', 1)
(' 2000, 2000, 2000, 2000, 4, 4, 26, 26, 4, 4,1000000', 1)
(' 2000, 2000, 2000, 2000, 4, 4, 7, 7, 4, 4,1000000', 1)
(' 2000, 2000, 2000, 2000, 2, 2, 10, 10, 2, 2,1000000', 1)
(' 2000, 2000, 2000, 2000, 4, 4, 12, 12, 4, 4,1000000', 1)
(' 2000, 2000, 2000, 2000, 5, 5, 26, 26, 5, 5,1000000', 1)
(' 2000, 2000, 2000, 2000, 2, 2, 4, 4, 2, 2,1000000', 1)
(' 2000, 2000, 2000, 2000, 4, 4, 10, 10, 4, 4,1000000', 1)
(' 2000, 2000, 2000, 2000, 4, 4, 10, 10, 4, 4,1000000', 1)
(' 2000, 2000, 2000, 2000, 4, 4, 20, 20, 4, 4,1000000', 1)
(' 2000, 2000, 2000, 2000, 5, 5, 26, 26, 5, 5,1000000', 1)
(' 2000, 2000, 2000, 2000, 4, 4, 10, 10, 4, 4,1000000', 1)
(' 2000, 2000, 2000, 2000, 2, 2, 26, 26, 2, 2,1000000', 1)
(' 2000, 2000, 2000, 2000, 6, 6, 8, 8, 6, 6,1000000', 1)
(' 2000, 2000, 2000, 2000, 2, 2, 6, 6, 2, 2,1000000', 1)
(' 2000, 2000, 2000, 2000, 2, 2, 10, 10, 2, 2,1000000', 1)
(' 2000, 2000, 2000, 2000, 3, 3, 4, 4, 3, 3,1000000', 1)
(' 2000, 2000, 2000, 2000, 4, 4, 7, 7, 4, 4,1000000', 1)
(' 2000, 2000, 2000, 2000, 1, 1, 10, 10, 1, 1,1000000', 1)
(' 2000, 2000, 2000, 2000, 6, 6, 8, 8, 6, 6,1000000', 1)
(' 2000, 2000, 2000, 2000, 2, 2, 26, 26, 2, 2,1000000', 1)
(' 2000, 2000, 2000, 2000, 6, 6, 8, 8, 6, 6,1000000', 1)
(' 2000, 2000, 2000, 2000, 7, 7, 12, 12, 7, 7,1000000', 1)
(' 2000, 2000, 2000, 2000, 7, 7, 26, 26, 7, 7,1000000', 1)
(' 2000, 2000, 2000, 2000, 2, 2, 26, 26, 2, 2,1000000', 1)
(' 2000, 2000, 2000, 2000, 3, 3, 6, 6, 3, 3,1000000', 1)
(' 2000, 2000, 2000, 2000, 3, 3, 20, 20, 3, 3,1000000', 1)
(' 2000, 2000, 2000, 2000, 1, 1, 20, 20, 1, 1,1000000', 1)
(' 2000, 2000, 2000, 2000, 3, 3, 6, 6, 3, 3,1000000', 1)
(' 2000, 2000, 2000, 2000, 5, 5, 26, 26, 5, 5,1000000', 1)
(' 2000, 2000, 2000, 2000, 3, 3, 20, 20, 3, 3,1000000', 1)
(' 2000, 2000, 2000, 2000, 5, 5, 26, 26, 5, 5,1000000', 1)
(' 2000, 2000, 2000, 2000, 7, 7, 12, 12, 7, 7,1000000', 1)
(' 2000, 2000, 2000, 2000, 3, 3, 20, 20, 3, 3,1000000', 1)
(' 2000, 2000, 2000, 2000, 1, 1, 2, 2, 1, 1,1000000', 1)
(' 2000, 2000, 2000, 2000, 3, 3, 4, 4, 3, 3,1000000', 1)
(' 2000, 2000, 2000, 2000, 1, 1, 2, 2, 1, 1,1000000', 1)
(' 2000, 2000, 2000, 2000, 3, 3, 20, 20, 3, 3,1000000', 1)
(' 2000, 2000, 2000, 2000, 5, 5, 26, 26, 5, 5,1000000', 1)
(' 2000, 2000, 2000, 2000, 2, 2, 4, 4, 2, 2,1000000', 1)
(' 2000, 2000, 2000, 2000, 7, 7, 12, 12, 7, 7,1000000', 1)
(' 2000, 2000, 2000, 2000, 4, 4, 20, 20, 4, 4,1000000', 1)
(' 2000, 2000, 2000, 2000, 7, 7, 12, 12, 7, 7,1000000', 1)
(' 2000, 2000, 2000, 2000, 1, 1, 8, 8, 1, 1,1000000', 1)
(' 2000, 2000, 2000, 2000, 2, 2, 6, 6, 2, 2,1000000', 1)
(' 2000, 2000, 2000, 2000, 2, 2, 10, 10, 2, 2,1000000', 1)
(' 2000, 2000, 2000, 2000, 3, 3, 7, 7, 3, 3,1000000', 1)
(' 2000, 2000, 2000, 2000, 2, 2, 20, 20, 2, 2,1000000', 1)
(' 2000, 2000, 2000, 2000, 3, 3, 7, 7, 3, 3,1000000', 1)
(' 2000, 2000, 2000, 2000, 1, 1, 4, 4, 1, 1,1000000', 1)
(' 2000, 2000, 2000, 2000, 7, 7, 12, 12, 7, 7,1000000', 1)
(' 2000, 2000, 2000, 2000, 7, 7, 26, 26, 7, 7,1000000', 1)
(' 2000, 2000, 2000, 2000, 3, 3, 6, 6, 3, 3,1000000', 1)
(' 2000, 2000, 2000, 2000, 2, 2, 20, 20, 2, 2,1000000', 1)
(' 2000, 2000, 2000, 2000, 4, 4, 12, 12, 4, 4,1000000', 1)
(' 2000, 2000, 2000, 2000, 5, 5, 26, 26, 5, 5,1000000', 1)
(' 2000, 2000, 2000, 2000, 4, 4, 7, 7, 4, 4,1000000', 1)
(' 2000, 2000, 2000, 2000, 1, 1, 26, 26, 1, 1,1000000', 1)
(' 2000, 2000, 2000, 2000, 37, 37, 99, 99, 37, 37,1000000', 1)
(' 2000, 2000, 2000, 2000, 16, 16, 99, 99, 16, 16,1000000', 1)
(' 2000, 2000, 2000, 2000, 29, 29, 99, 99, 29, 29,1000000', 1)
(' 2000, 2000, 2000, 2000, 29, 29, 99, 99, 29, 29,1000000', 1)
(' 2000, 2000, 2000, 2000, 37, 37, 99, 99, 37, 37,1000000', 1)
(' 2000, 2000, 2000, 2000, 29, 29, 99, 99, 29, 29,1000000', 1)
(' 2000, 2000, 2000, 2000, 16, 16, 99, 99, 16, 16,1000000', 1)
(' 2000, 2000, 2000, 2000, 29, 29, 99, 99, 29, 29,1000000', 1)
(' 2000, 2000, 2000, 2000, 29, 29, 99, 99, 29, 29,1000000', 1)
(' 2000, 2000, 2000, 2000, 29, 29, 99, 99, 29, 29,1000000', 1)
(' 2000, 2000, 2000, 2000, 16, 16, 99, 99, 16, 16,1000000', 1)
(' 2000, 2000, 2000, 2000, 16, 16, 99, 99, 16, 16,1000000', 1)
(' 2000, 2000, 2000, 2000, 29, 29, 99, 99, 29, 29,1000000', 1)
(' 2000, 2000, 2000, 2000, 17, 17, 99, 99, 17, 17,1000000', 1)
(' 2000, 2000, 2000, 2000, 37, 37, 99, 99, 37, 37,1000000', 1)
(' 2000, 2000, 2000, 2000, 37, 37, 99, 99, 37, 37,1000000', 1)
(' 2000, 2000, 2000, 2000, 37, 37, 99, 99, 37, 37,1000000', 1)
(' 2000, 2000, 2000, 2000, 29, 29, 99, 99, 29, 29,1000000', 1)
(' 2000, 2000, 2000, 2000, 29, 29, 99, 99, 29, 29,1000000', 1)
(' 2000, 2000, 2000, 2000, 29, 29, 99, 99, 29, 29,1000000', 1)
(' 2000, 2000, 2000, 2000, 37, 37, 99, 99, 37, 37,1000000', 1)
(' 2000, 2000, 2000, 2000, 37, 37, 99, 99, 37, 37,1000000', 1)
(' 2000, 2000, 2000, 2000, 37, 37, 99, 99, 37, 37,1000000', 1)
(' 2000, 2000, 2000, 2000, 37, 37, 99, 99, 37, 37,1000000', 1)
(' 2000, 2000, 2000, 2000, 17, 17, 99, 99, 17, 17,1000000', 1)
(' 2000, 2000, 2000, 2000, 37, 37, 99, 99, 37, 37,1000000', 1)
(' 2000, 2000, 2000, 2000, 16, 16, 99, 99, 16, 16,1000000', 1)
(' 2000, 2000, 2000, 2000, 17, 17, 99, 99, 17, 17,1000000', 1)
(' 2000, 2000, 2000, 2000, 16, 16, 99, 99, 16, 16,1000000', 1)
(' 2000, 2000, 2000, 2000, 29, 29, 99, 99, 29, 29,1000000', 1)
(' 2000, 2000, 2000, 2000, 17, 17, 99, 99, 17, 17,1000000', 1)
(' 2000, 2000, 2000, 2000, 37, 37, 99, 99, 37, 37,1000000', 1)
(' 2000, 2000, 2000, 2000, 16, 16, 99, 99, 16, 16,1000000', 1)
(' 2000, 2000, 2000, 2000, 17, 17, 99, 99, 17, 17,1000000', 1)
(' 2000, 2000, 2000, 2000, 16, 16, 99, 99, 16, 16,1000000', 1)
(' 2000, 2000, 2000, 2000, 29, 29, 99, 99, 29, 29,1000000', 1)
(' 2000, 2000, 2000, 2000, 16, 16, 99, 99, 16, 16,1000000', 1)
(' 2000, 2000, 2000, 2000, 37, 37, 99, 99, 37, 37,1000000', 1)
(' 2000, 2000, 2000, 2000, 16, 16, 99, 99, 16, 16,1000000', 1)
(' 2000, 2000, 2000, 2000, 37, 37, 99, 99, 37, 37,1000000', 1)
(' 2000, 2000, 2000, 2000, 29, 29, 99, 99, 29, 29,1000000', 1)
(' 2000, 2000, 2000, 2000, 37, 37, 99, 99, 37, 37,1000000', 1)
(' 2000, 2000, 2000, 2000, 37, 37, 99, 99, 37, 37,1000000', 1)
(' 2000, 2000, 2000, 2000, 29, 29, 99, 99, 29, 29,1000000', 1)
(' 2000, 2000, 2000, 2000, 37, 37, 99, 99, 37, 37,1000000', 1)
(' 2000, 2000, 2000, 2000, 17, 17, 99, 99, 17, 17,1000000', 1)
(' 2000, 2000, 2000, 2000, 29, 29, 99, 99, 29, 29,1000000', 1)
(' 2000, 2000, 2000, 2000, 16, 16, 99, 99, 16, 16,1000000', 1)
(' 2000, 2000, 2000, 2000, 37, 37, 99, 99, 37, 37,1000000', 1)
(' 2000, 2000, 2000, 2000, 17, 17, 99, 99, 17, 17,1000000', 1)
(' 2000, 2000, 2000, 2000, 17, 17, 99, 99, 17, 17,1000000', 1)
(' 2000, 2000, 2000, 2000, 29, 29, 99, 99, 29, 29,1000000', 1)
(' 2000, 2000, 2000, 2000, 37, 37, 99, 99, 37, 37,1000000', 1)
(' 2000, 2000, 2000, 2000, 37, 37, 99, 99, 37, 37,1000000', 1)
(' 2000, 2000, 2000, 2000, 37, 37, 99, 99, 37, 37,1000000', 1)
(' 2000, 2000, 2000, 2000, 29, 29, 99, 99, 29, 29,1000000', 1)
(' 2000, 2000, 2000, 2000, 29, 29, 99, 99, 29, 29,1000000', 1)
(' 2000, 2000, 2000, 2000, 29, 29, 99, 99, 29, 29,1000000', 1)
(' 2000, 2000, 2000, 2000, 37, 37, 99, 99, 37, 37,1000000', 1)
(' 2000, 2000, 2000, 2000, 29, 29, 99, 99, 29, 29,1000000', 1)
(' 2000, 2000, 2000, 2000, 37, 37, 99, 99, 37, 37,1000000', 1)
(' 2000, 2000, 2000, 2000, 37, 37, 99, 99, 37, 37,1000000', 1)
(' 2000, 2000, 2000, 2000, 37, 37, 99, 99, 37, 37,1000000', 1)
(' 2000, 2000, 2000, 2000, 17, 17, 99, 99, 17, 17,1000000', 1)
(' 2000, 2000, 2000, 2000, 16, 16, 99, 99, 16, 16,1000000', 1)
(' 2000, 2000, 2000, 2000, 16, 16, 99, 99, 16, 16,1000000', 1)
(' 2000, 2000, 2000, 2000, 16, 16, 99, 99, 16, 16,1000000', 1)
(' 2000, 2000, 2000, 2000, 17, 17, 99, 99, 17, 17,1000000', 1)
(' 2000, 2000, 2000, 2000, 29, 29, 99, 99, 29, 29,1000000', 1)
(' 2000, 2000, 2000, 2000, 17, 17, 99, 99, 17, 17,1000000', 1)
(' 2000, 2000, 2000, 2000, 16, 16, 99, 99, 16, 16,1000000', 1)
(' 2000, 2000, 2000, 2000, 16, 16, 99, 99, 16, 16,1000000', 1)
(' 2000, 2000, 2000, 2000, 17, 17, 99, 99, 17, 17,1000000', 1)
(' 2000, 2000, 2000, 2000, 37, 37, 99, 99, 37, 37,1000000', 1)
(' 2000, 2000, 2000, 2000, 29, 29, 99, 99, 29, 29,1000000', 1)
(' 2000, 2000, 2000, 2000, 17, 17, 99, 99, 17, 17,1000000', 1)
(' 2000, 2000, 2000, 2000, 29, 29, 99, 99, 29, 29,1000000', 1)
(' 2000, 2000, 2000, 2000, 37, 37, 99, 99, 37, 37,1000000', 1)
(' 2000, 2000, 2000, 2000, 37, 37, 99, 99, 37, 37,1000000', 1)
(' 2000, 2000, 2000, 2000, 37, 37, 99, 99, 37, 37,1000000', 1)
(' 2000, 2000, 2000, 2000, 29, 29, 99, 99, 29, 29,1000000', 1)
(' 2000, 2000, 2000, 2000, 29, 29, 99, 99, 29, 29,1000000', 1)
(' 2000, 2000, 2000, 2000, 29, 29, 99, 99, 29, 29,1000000', 1)
(' 2000, 2000, 2000, 2000, 37, 37, 99, 99, 37, 37,1000000', 1)
(' 2000, 2000, 2000, 2000, 17, 17, 99, 99, 17, 17,1000000', 1)
(' 2000, 2000, 2000, 2000, 29, 29, 99, 99, 29, 29,1000000', 1)
(' 2000, 2000, 2000, 2000, 37, 37, 99, 99, 37, 37,1000000', 1)
(' 2000, 2000, 2000, 2000, 29, 29, 99, 99, 29, 29,1000000', 1)
(' 2000, 2000, 2000, 2000, 17, 17, 99, 99, 17, 17,1000000', 1)
(' 2000, 2000, 2000, 2000, 37, 37, 99, 99, 37, 37,1000000', 1)
(' 2000, 2000, 2000, 2000, 37, 37, 99, 99, 37, 37,1000000', 1)
(' 2000, 2000, 2000, 2000, 17, 17, 99, 99, 17, 17,1000000', 1)
(' 2000, 2000, 2000, 2000, 29, 29, 99, 99, 29, 29,1000000', 1)
(' 2000, 2000, 2000, 2000, 37, 37, 99, 99, 37, 37,1000000', 1)
(' 2000, 2000, 2000, 2000, 17, 17, 99, 99, 17, 17,1000000', 1)
(' 2000, 2000, 2000, 2000, 37, 37, 99, 99, 37, 37,1000000', 1)
(' 2000, 2000, 2000, 2000, 37, 37, 99, 99, 37, 37,1000000', 1)
(' 2000, 2000, 2000, 2000, 37, 37, 99, 99, 37, 37,1000000', 1)
(' 2000, 2000, 2000, 2000, 37, 37, 99, 99, 37, 37,1000000', 1)
(' 2000, 2000, 2000, 2000, 4, 4, 24, 24, 4, 4,1000000', 1)
(' 2000, 2000, 2000, 2000, 1, 1, 24, 24, 1, 1,1000000', 1)
(' 2000, 2000, 2000, 2000, 1, 1, 13, 13, 1, 1,1000000', 1)
(' 2000, 2000, 2000, 2000, 2, 2, 13, 13, 2, 2,1000000', 1)
(' 2000, 2000, 2000, 2000, 2, 2, 21, 21, 2, 2,1000000', 1)
(' 2000, 2000, 2000, 2000, 6, 6, 21, 21, 6, 6,1000000', 1)
(' 2000, 2000, 2000, 2000, 2, 2, 13, 13, 2, 2,1000000', 1)
(' 2000, 2000, 2000, 2000, 6, 6, 21, 21, 6, 6,1000000', 1)
(' 2000, 2000, 2000, 2000, 5, 5, 8, 8, 5, 5,1000000', 1)
(' 2000, 2000, 2000, 2000, 1, 1, 3, 3, 1, 1,1000000', 1)
(' 2000, 2000, 2000, 2000, 4, 4, 6, 6, 4, 4,1000000', 1)
(' 2000, 2000, 2000, 2000, 2, 2, 5, 5, 2, 2,1000000', 1)
(' 2000, 2000, 2000, 2000, 3, 3, 11, 11, 3, 3,1000000', 1)
(' 2000, 2000, 2000, 2000, 2, 2, 24, 24, 2, 2,1000000', 1)
(' 2000, 2000, 2000, 2000, 4, 4, 24, 24, 4, 4,1000000', 1)
(' 2000, 2000, 2000, 2000, 2, 2, 24, 24, 2, 2,1000000', 1)
(' 2000, 2000, 2000, 2000, 3, 3, 8, 8, 3, 3,1000000', 1)
(' 2000, 2000, 2000, 2000, 1, 1, 24, 24, 1, 1,1000000', 1)
(' 2000, 2000, 2000, 2000, 10, 10, 21, 21, 10, 10,1000000', 1)
(' 2000, 2000, 2000, 2000, 10, 10, 21, 21, 10, 10,1000000', 1)
(' 2000, 2000, 2000, 2000, 10, 10, 21, 21, 10, 10,1000000', 1)
(' 2000, 2000, 2000, 2000, 6, 6, 21, 21, 6, 6,1000000', 1)
(' 2000, 2000, 2000, 2000, 4, 4, 11, 11, 4, 4,1000000', 1)
(' 2000, 2000, 2000, 2000, 3, 3, 11, 11, 3, 3,1000000', 1)
(' 2000, 2000, 2000, 2000, 3, 3, 11, 11, 3, 3,1000000', 1)
(' 2000, 2000, 2000, 2000, 4, 4, 11, 11, 4, 4,1000000', 1)
(' 2000, 2000, 2000, 2000, 3, 3, 5, 5, 3, 3,1000000', 1)
(' 2000, 2000, 2000, 2000, 6, 6, 21, 21, 6, 6,1000000', 1)
(' 2000, 2000, 2000, 2000, 2, 2, 13, 13, 2, 2,1000000', 1)
(' 2000, 2000, 2000, 2000, 2, 2, 8, 8, 2, 2,1000000', 1)
(' 2000, 2000, 2000, 2000, 4, 4, 24, 24, 4, 4,1000000', 1)
(' 2000, 2000, 2000, 2000, 10, 10, 21, 21, 10, 10,1000000', 1)
(' 2000, 2000, 2000, 2000, 1, 1, 8, 8, 1, 1,1000000', 1)
(' 2000, 2000, 2000, 2000, 1, 1, 21, 21, 1, 1,1000000', 1)
(' 2000, 2000, 2000, 2000, 6, 6, 21, 21, 6, 6,1000000', 1)
(' 2000, 2000, 2000, 2000, 3, 3, 8, 8, 3, 3,1000000', 1)
(' 2000, 2000, 2000, 2000, 2, 2, 24, 24, 2, 2,1000000', 1)
(' 2000, 2000, 2000, 2000, 1, 1, 24, 24, 1, 1,1000000', 1)
(' 2000, 2000, 2000, 2000, 2, 2, 24, 24, 2, 2,1000000', 1)
(' 2000, 2000, 2000, 2000, 1, 1, 21, 21, 1, 1,1000000', 1)
(' 2000, 2000, 2000, 2000, 2, 2, 13, 13, 2, 2,1000000', 1)
(' 2000, 2000, 2000, 2000, 3, 3, 8, 8, 3, 3,1000000', 1)
(' 2000, 2000, 2000, 2000, 10, 10, 21, 21, 10, 10,1000000', 1)
(' 2000, 2000, 2000, 2000, 5, 5, 8, 8, 5, 5,1000000', 1)
(' 2000, 2000, 2000, 2000, 2, 2, 13, 13, 2, 2,1000000', 1)
(' 2000, 2000, 2000, 2000, 2, 2, 24, 24, 2, 2,1000000', 1)
(' 2000, 2000, 2000, 2000, 1, 1, 13, 13, 1, 1,1000000', 1)
(' 2000, 2000, 2000, 2000, 2, 2, 24, 24, 2, 2,1000000', 1)
(' 2000, 2000, 2000, 2000, 2, 2, 24, 24, 2, 2,1000000', 1)
(' 2000, 2000, 2000, 2000, 4, 4, 6, 6, 4, 4,1000000', 1)
(' 2000, 2000, 2000, 2000, 3, 3, 11, 11, 3, 3,1000000', 1)
(' 2000, 2000, 2000, 2000, 2, 2, 13, 13, 2, 2,1000000', 1)
(' 2000, 2000, 2000, 2000, 1, 1, 13, 13, 1, 1,1000000', 1)
(' 2000, 2000, 2000, 2000, 1, 1, 13, 13, 1, 1,1000000', 1)
(' 2000, 2000, 2000, 2000, 5, 5, 8, 8, 5, 5,1000000', 1)
(' 2000, 2000, 2000, 2000, 2, 2, 24, 24, 2, 2,1000000', 1)
(' 2000, 2000, 2000, 2000, 3, 3, 11, 11, 3, 3,1000000', 1)
(' 2000, 2000, 2000, 2000, 2, 2, 5, 5, 2, 2,1000000', 1)
(' 2000, 2000, 2000, 2000, 2, 2, 24, 24, 2, 2,1000000', 1)
(' 2000, 2000, 2000, 2000, 10, 10, 21, 21, 10, 10,1000000', 1)
(' 2000, 2000, 2000, 2000, 4, 4, 6, 6, 4, 4,1000000', 1)
(' 2000, 2000, 2000, 2000, 1, 1, 3, 3, 1, 1,1000000', 1)
(' 2000, 2000, 2000, 2000, 1, 1, 8, 8, 1, 1,1000000', 1)
(' 2000, 2000, 2000, 2000, 2, 2, 8, 8, 2, 2,1000000', 1)
(' 2000, 2000, 2000, 2000, 1, 1, 8, 8, 1, 1,1000000', 1)
(' 2000, 2000, 2000, 2000, 1, 1, 8, 8, 1, 1,1000000', 1)
(' 2000, 2000, 2000, 2000, 1, 1, 13, 13, 1, 1,1000000', 1)
(' 2000, 2000, 2000, 2000, 4, 4, 24, 24, 4, 4,1000000', 1)
(' 2000, 2000, 2000, 2000, 2, 2, 24, 24, 2, 2,1000000', 1)
(' 2000, 2000, 2000, 2000, 4, 4, 24, 24, 4, 4,1000000', 1)
(' 2000, 2000, 2000, 2000, 3, 3, 5, 5, 3, 3,1000000', 1)
(' 2000, 2000, 2000, 2000, 2, 2, 24, 24, 2, 2,1000000', 1)
(' 2000, 2000, 2000, 2000, 4, 4, 11, 11, 4, 4,1000000', 1)
(' 2000, 2000, 2000, 2000, 4, 4, 24, 24, 4, 4,1000000', 1)
(' 2000, 2000, 2000, 2000, 4, 4, 24, 24, 4, 4,1000000', 1)
(' 2000, 2000, 2000, 2000, 3, 3, 11, 11, 3, 3,1000000', 1)
(' 2000, 2000, 2000, 2000, 4, 4, 11, 11, 4, 4,1000000', 1)
(' 2000, 2000, 2000, 2000, 1, 1, 6, 6, 1, 1,1000000', 1)
(' 2000, 2000, 2000, 2000, 2, 2, 21, 21, 2, 2,1000000', 1)
(' 2000, 2000, 2000, 2000, 5, 5, 8, 8, 5, 5,1000000', 1)
(' 2000, 2000, 2000, 2000, 10, 10, 21, 21, 10, 10,1000000', 1)
(' 2000, 2000, 2000, 2000, 5, 5, 8, 8, 5, 5,1000000', 1)
(' 2000, 2000, 2000, 2000, 1, 1, 11, 11, 1, 1,1000000', 1)
(' 2000, 2000, 2000, 2000, 1, 1, 6, 6, 1, 1,1000000', 1)
(' 2000, 2000, 2000, 2000, 4, 4, 24, 24, 4, 4,1000000', 1)
(' 2000, 2000, 2000, 2000, 1, 1, 21, 21, 1, 1,1000000', 1)
(' 2000, 2000, 2000, 2000, 3, 3, 5, 5, 3, 3,1000000', 1)
(' 2000, 2000, 2000, 2000, 10, 10, 21, 21, 10, 10,1000000', 1)
(' 2000, 2000, 2000, 2000, 10, 10, 21, 21, 10, 10,1000000', 1)
(' 2000, 2000, 2000, 2000, 10, 10, 21, 21, 10, 10,1000000', 1)
(' 2000, 2000, 2000, 2000, 1, 1, 8, 8, 1, 1,1000000', 1)
(' 2000, 2000, 2000, 2000, 2, 2, 13, 13, 2, 2,1000000', 1)
(' 2000, 2000, 2000, 2000, 1, 1, 24, 24, 1, 1,1000000', 1)
(' 2000, 2000, 2000, 2000, 1, 1, 8, 8, 1, 1,1000000', 1)
(' 2000, 2000, 2000, 2000, 1, 1, 3, 3, 1, 1,1000000', 1)
(' 2000, 2000, 2000, 2000, 2, 2, 13, 13, 2, 2,1000000', 1)
(' 2000, 2000, 2000, 2000, 4, 4, 6, 6, 4, 4,1000000', 1)
(' 2000, 2000, 2000, 2000, 6, 6, 21, 21, 6, 6,1000000', 1)
(' 2000, 2000, 2000, 2000, 2, 2, 24, 24, 2, 2,1000000', 1)
(' 2000, 2000, 2000, 2000, 40, 40, 99, 99, 40, 40,1000000', 1)
(' 2000, 2000, 2000, 2000, 14, 14, 99, 99, 14, 14,1000000', 1)
(' 2000, 2000, 2000, 2000, 40, 40, 99, 99, 40, 40,1000000', 1)
(' 2000, 2000, 2000, 2000, 14, 14, 99, 99, 14, 14,1000000', 1)
(' 2000, 2000, 2000, 2000, 14, 14, 99, 99, 14, 14,1000000', 1)
(' 2000, 2000, 2000, 2000, 29, 29, 99, 99, 29, 29,1000000', 1)
(' 2000, 2000, 2000, 2000, 40, 40, 99, 99, 40, 40,1000000', 1)
(' 2000, 2000, 2000, 2000, 14, 14, 99, 99, 14, 14,1000000', 1)
(' 2000, 2000, 2000, 2000, 40, 40, 99, 99, 40, 40,1000000', 1)
(' 2000, 2000, 2000, 2000, 40, 40, 99, 99, 40, 40,1000000', 1)
(' 2000, 2000, 2000, 2000, 16, 16, 99, 99, 16, 16,1000000', 1)
(' 2000, 2000, 2000, 2000, 14, 14, 99, 99, 14, 14,1000000', 1)
(' 2000, 2000, 2000, 2000, 29, 29, 99, 99, 29, 29,1000000', 1)
(' 2000, 2000, 2000, 2000, 29, 29, 99, 99, 29, 29,1000000', 1)
(' 2000, 2000, 2000, 2000, 40, 40, 99, 99, 40, 40,1000000', 1)
(' 2000, 2000, 2000, 2000, 16, 16, 99, 99, 16, 16,1000000', 1)
(' 2000, 2000, 2000, 2000, 14, 14, 99, 99, 14, 14,1000000', 1)
(' 2000, 2000, 2000, 2000, 14, 14, 99, 99, 14, 14,1000000', 1)
(' 2000, 2000, 2000, 2000, 29, 29, 99, 99, 29, 29,1000000', 1)
(' 2000, 2000, 2000, 2000, 40, 40, 99, 99, 40, 40,1000000', 1)
(' 2000, 2000, 2000, 2000, 14, 14, 99, 99, 14, 14,1000000', 1)
(' 2000, 2000, 2000, 2000, 14, 14, 99, 99, 14, 14,1000000', 1)
(' 2000, 2000, 2000, 2000, 29, 29, 99, 99, 29, 29,1000000', 1)
(' 2000, 2000, 2000, 2000, 16, 16, 99, 99, 16, 16,1000000', 1)
(' 2000, 2000, 2000, 2000, 40, 40, 99, 99, 40, 40,1000000', 1)
(' 2000, 2000, 2000, 2000, 16, 16, 99, 99, 16, 16,1000000', 1)
(' 2000, 2000, 2000, 2000, 29, 29, 99, 99, 29, 29,1000000', 1)
(' 2000, 2000, 2000, 2000, 40, 40, 99, 99, 40, 40,1000000', 1)
(' 2000, 2000, 2000, 2000, 14, 14, 99, 99, 14, 14,1000000', 1)
(' 2000, 2000, 2000, 2000, 40, 40, 99, 99, 40, 40,1000000', 1)
(' 2000, 2000, 2000, 2000, 29, 29, 99, 99, 29, 29,1000000', 1)
(' 2000, 2000, 2000, 2000, 40, 40, 99, 99, 40, 40,1000000', 1)
(' 2000, 2000, 2000, 2000, 16, 16, 99, 99, 16, 16,1000000', 1)
(' 2000, 2000, 2000, 2000, 16, 16, 99, 99, 16, 16,1000000', 1)
(' 2000, 2000, 2000, 2000, 14, 14, 99, 99, 14, 14,1000000', 1)
(' 2000, 2000, 2000, 2000, 40, 40, 99, 99, 40, 40,1000000', 1)
(' 2000, 2000, 2000, 2000, 29, 29, 99, 99, 29, 29,1000000', 1)
(' 2000, 2000, 2000, 2000, 40, 40, 99, 99, 40, 40,1000000', 1)
(' 2000, 2000, 2000, 2000, 40, 40, 99, 99, 40, 40,1000000', 1)
(' 2000, 2000, 2000, 2000, 40, 40, 99, 99, 40, 40,1000000', 1)
(' 2000, 2000, 2000, 2000, 16, 16, 99, 99, 16, 16,1000000', 1)
(' 2000, 2000, 2000, 2000, 16, 16, 99, 99, 16, 16,1000000', 1)
(' 2000, 2000, 2000, 2000, 16, 16, 99, 99, 16, 16,1000000', 1)
(' 2000, 2000, 2000, 2000, 29, 29, 99, 99, 29, 29,1000000', 1)
(' 2000, 2000, 2000, 2000, 40, 40, 99, 99, 40, 40,1000000', 1)
(' 2000, 2000, 2000, 2000, 16, 16, 99, 99, 16, 16,1000000', 1)
(' 2000, 2000, 2000, 2000, 40, 40, 99, 99, 40, 40,1000000', 1)
(' 2000, 2000, 2000, 2000, 40, 40, 99, 99, 40, 40,1000000', 1)
(' 2000, 2000, 2000, 2000, 40, 40, 99, 99, 40, 40,1000000', 1)
(' 2000, 2000, 2000, 2000, 40, 40, 99, 99, 40, 40,1000000', 1)
(' 2000, 2000, 2000, 2000, 16, 16, 99, 99, 16, 16,1000000', 1)
(' 2000, 2000, 2000, 2000, 40, 40, 99, 99, 40, 40,1000000', 1)
(' 2000, 2000, 2000, 2000, 29, 29, 99, 99, 29, 29,1000000', 1)
(' 2000, 2000, 2000, 2000, 29, 29, 99, 99, 29, 29,1000000', 1)
(' 2000, 2000, 2000, 2000, 40, 40, 99, 99, 40, 40,1000000', 1)
(' 2000, 2000, 2000, 2000, 40, 40, 99, 99, 40, 40,1000000', 1)
(' 2000, 2000, 2000, 2000, 29, 29, 99, 99, 29, 29,1000000', 1)
(' 2000, 2000, 2000, 2000, 40, 40, 99, 99, 40, 40,1000000', 1)
(' 2000, 2000, 2000, 2000, 40, 40, 99, 99, 40, 40,1000000', 1)
(' 2000, 2000, 2000, 2000, 16, 16, 99, 99, 16, 16,1000000', 1)
(' 2000, 2000, 2000, 2000, 29, 29, 99, 99, 29, 29,1000000', 1)
(' 2000, 2000, 2000, 2000, 29, 29, 99, 99, 29, 29,1000000', 1)
(' 2000, 2000, 2000, 2000, 40, 40, 99, 99, 40, 40,1000000', 1)
(' 2000, 2000, 2000, 2000, 40, 40, 99, 99, 40, 40,1000000', 1)
(' 2000, 2000, 2000, 2000, 29, 29, 99, 99, 29, 29,1000000', 1)
(' 2000, 2000, 2000, 2000, 29, 29, 99, 99, 29, 29,1000000', 1)
(' 2000, 2000, 2000, 2000, 29, 29, 99, 99, 29, 29,1000000', 1)
(' 2000, 2000, 2000, 2000, 40, 40, 99, 99, 40, 40,1000000', 1)
(' 2000, 2000, 2000, 2000, 29, 29, 99, 99, 29, 29,1000000', 1)
(' 2000, 2000, 2000, 2000, 29, 29, 99, 99, 29, 29,1000000', 1)
(' 2000, 2000, 2000, 2000, 40, 40, 99, 99, 40, 40,1000000', 1)
(' 2000, 2000, 2000, 2000, 40, 40, 99, 99, 40, 40,1000000', 1)
(' 2000, 2000, 2000, 2000, 29, 29, 99, 99, 29, 29,1000000', 1)
(' 2000, 2000, 2000, 2000, 16, 16, 99, 99, 16, 16,1000000', 1)
(' 2000, 2000, 2000, 2000, 16, 16, 99, 99, 16, 16,1000000', 1)
(' 2000, 2000, 2000, 2000, 40, 40, 99, 99, 40, 40,1000000', 1)
(' 2000, 2000, 2000, 2000, 40, 40, 99, 99, 40, 40,1000000', 1)
(' 2000, 2000, 2000, 2000, 14, 14, 99, 99, 14, 14,1000000', 1)
(' 2000, 2000, 2000, 2000, 14, 14, 99, 99, 14, 14,1000000', 1)
(' 2000, 2000, 2000, 2000, 40, 40, 99, 99, 40, 40,1000000', 1)
(' 2000, 2000, 2000, 2000, 14, 14, 99, 99, 14, 14,1000000', 1)
(' 2000, 2000, 2000, 2000, 16, 16, 99, 99, 16, 16,1000000', 1)
(' 2000, 2000, 2000, 2000, 40, 40, 99, 99, 40, 40,1000000', 1)
(' 2000, 2000, 2000, 2000, 16, 16, 99, 99, 16, 16,1000000', 1)
(' 2000, 2000, 2000, 2000, 29, 29, 99, 99, 29, 29,1000000', 1)
(' 2000, 2000, 2000, 2000, 29, 29, 99, 99, 29, 29,1000000', 1)
(' 2000, 2000, 2000, 2000, 29, 29, 99, 99, 29, 29,1000000', 1)
(' 2000, 2000, 2000, 2000, 29, 29, 99, 99, 29, 29,1000000', 1)
(' 2000, 2000, 2000, 2000, 40, 40, 99, 99, 40, 40,1000000', 1)
(' 2000, 2000, 2000, 2000, 29, 29, 99, 99, 29, 29,1000000', 1)
(' 2000, 2000, 2000, 2000, 29, 29, 99, 99, 29, 29,1000000', 1)
(' 2000, 2000, 2000, 2000, 40, 40, 99, 99, 40, 40,1000000', 1)
(' 2000, 2000, 2000, 2000, 29, 29, 99, 99, 29, 29,1000000', 1)
(' 2000, 2000, 2000, 2000, 29, 29, 99, 99, 29, 29,1000000', 1)
(' 2000, 2000, 2000, 2000, 40, 40, 99, 99, 40, 40,1000000', 1)
(' 2000, 2000, 2000, 2000, 29, 29, 99, 99, 29, 29,1000000', 1)
(' 2000, 2000, 2000, 2000, 40, 40, 99, 99, 40, 40,1000000', 1)
(' 2000, 2000, 2000, 2000, 40, 40, 99, 99, 40, 40,1000000', 1)
(' 2000, 2000, 2000, 2000, 40, 40, 99, 99, 40, 40,1000000', 1)
(' 2000, 2000, 2000, 2000, 3, 3, 6, 6, 3, 3,1000000', 1)
(' 2000, 2000, 2000, 2000, 4, 4, 10, 10, 4, 4,1000000', 1)
(' 2000, 2000, 2000, 2000, 2, 2, 9, 9, 2, 2,1000000', 1)
(' 2000, 2000, 2000, 2000, 7, 7, 15, 15, 7, 7,1000000', 1)
(' 2000, 2000, 2000, 2000, 4, 4, 8, 8, 4, 4,1000000', 1)
(' 2000, 2000, 2000, 2000, 7, 7, 15, 15, 7, 7,1000000', 1)
(' 2000, 2000, 2000, 2000, 4, 4, 17, 17, 4, 4,1000000', 1)
(' 2000, 2000, 2000, 2000, 5, 5, 10, 10, 5, 5,1000000', 1)
(' 2000, 2000, 2000, 2000, 11, 11, 17, 17, 11, 11,1000000', 1)
(' 2000, 2000, 2000, 2000, 11, 11, 17, 17, 11, 11,1000000', 1)
(' 2000, 2000, 2000, 2000, 3, 3, 8, 8, 3, 3,1000000', 1)
(' 2000, 2000, 2000, 2000, 5, 5, 10, 10, 5, 5,1000000', 1)
(' 2000, 2000, 2000, 2000, 7, 7, 15, 15, 7, 7,1000000', 1)
(' 2000, 2000, 2000, 2000, 5, 5, 10, 10, 5, 5,1000000', 1)
(' 2000, 2000, 2000, 2000, 2, 2, 6, 6, 2, 2,1000000', 1)
(' 2000, 2000, 2000, 2000, 11, 11, 17, 17, 11, 11,1000000', 1)
(' 2000, 2000, 2000, 2000, 3, 3, 8, 8, 3, 3,1000000', 1)
(' 2000, 2000, 2000, 2000, 3, 3, 6, 6, 3, 3,1000000', 1)
(' 2000, 2000, 2000, 2000, 11, 11, 17, 17, 11, 11,1000000', 1)
(' 2000, 2000, 2000, 2000, 11, 11, 17, 17, 11, 11,1000000', 1)
(' 2000, 2000, 2000, 2000, 4, 4, 15, 15, 4, 4,1000000', 1)
(' 2000, 2000, 2000, 2000, 2, 2, 17, 17, 2, 2,1000000', 1)
(' 2000, 2000, 2000, 2000, 7, 7, 15, 15, 7, 7,1000000', 1)
(' 2000, 2000, 2000, 2000, 2, 2, 6, 6, 2, 2,1000000', 1)
(' 2000, 2000, 2000, 2000, 4, 4, 9, 9, 4, 4,1000000', 1)
(' 2000, 2000, 2000, 2000, 3, 3, 8, 8, 3, 3,1000000', 1)
(' 2000, 2000, 2000, 2000, 1, 1, 8, 8, 1, 1,1000000', 1)
(' 2000, 2000, 2000, 2000, 5, 5, 10, 10, 5, 5,1000000', 1)
(' 2000, 2000, 2000, 2000, 2, 2, 8, 8, 2, 2,1000000', 1)
(' 2000, 2000, 2000, 2000, 4, 4, 8, 8, 4, 4,1000000', 1)
(' 2000, 2000, 2000, 2000, 2, 2, 9, 9, 2, 2,1000000', 1)
(' 2000, 2000, 2000, 2000, 4, 4, 15, 15, 4, 4,1000000', 1)
(' 2000, 2000, 2000, 2000, 4, 4, 15, 15, 4, 4,1000000', 1)
(' 2000, 2000, 2000, 2000, 4, 4, 15, 15, 4, 4,1000000', 1)
(' 2000, 2000, 2000, 2000, 4, 4, 8, 8, 4, 4,1000000', 1)
(' 2000, 2000, 2000, 2000, 7, 7, 15, 15, 7, 7,1000000', 1)
(' 2000, 2000, 2000, 2000, 1, 1, 10, 10, 1, 1,1000000', 1)
(' 2000, 2000, 2000, 2000, 1, 1, 15, 15, 1, 1,1000000', 1)
(' 2000, 2000, 2000, 2000, 4, 4, 10, 10, 4, 4,1000000', 1)
(' 2000, 2000, 2000, 2000, 7, 7, 15, 15, 7, 7,1000000', 1)
(' 2000, 2000, 2000, 2000, 4, 4, 9, 9, 4, 4,1000000', 1)
(' 2000, 2000, 2000, 2000, 7, 7, 15, 15, 7, 7,1000000', 1)
(' 2000, 2000, 2000, 2000, 1, 1, 3, 3, 1, 1,1000000', 1)
(' 2000, 2000, 2000, 2000, 7, 7, 15, 15, 7, 7,1000000', 1)
(' 2000, 2000, 2000, 2000, 11, 11, 17, 17, 11, 11,1000000', 1)
(' 2000, 2000, 2000, 2000, 4, 4, 9, 9, 4, 4,1000000', 1)
(' 2000, 2000, 2000, 2000, 4, 4, 15, 15, 4, 4,1000000', 1)
(' 2000, 2000, 2000, 2000, 2, 2, 6, 6, 2, 2,1000000', 1)
(' 2000, 2000, 2000, 2000, 3, 3, 8, 8, 3, 3,1000000', 1)
(' 2000, 2000, 2000, 2000, 4, 4, 9, 9, 4, 4,1000000', 1)
(' 2000, 2000, 2000, 2000, 1, 1, 3, 3, 1, 1,1000000', 1)
(' 2000, 2000, 2000, 2000, 3, 3, 6, 6, 3, 3,1000000', 1)
(' 2000, 2000, 2000, 2000, 7, 7, 15, 15, 7, 7,1000000', 1)
(' 2000, 2000, 2000, 2000, 7, 7, 15, 15, 7, 7,1000000', 1)
(' 2000, 2000, 2000, 2000, 1, 1, 3, 3, 1, 1,1000000', 1)
(' 2000, 2000, 2000, 2000, 4, 4, 15, 15, 4, 4,1000000', 1)
(' 2000, 2000, 2000, 2000, 7, 7, 15, 15, 7, 7,1000000', 1)
(' 2000, 2000, 2000, 2000, 4, 4, 10, 10, 4, 4,1000000', 1)
(' 2000, 2000, 2000, 2000, 4, 4, 17, 17, 4, 4,1000000', 1)
(' 2000, 2000, 2000, 2000, 4, 4, 17, 17, 4, 4,1000000', 1)
(' 2000, 2000, 2000, 2000, 7, 7, 15, 15, 7, 7,1000000', 1)
(' 2000, 2000, 2000, 2000, 7, 7, 15, 15, 7, 7,1000000', 1)
(' 2000, 2000, 2000, 2000, 7, 7, 15, 15, 7, 7,1000000', 1)
(' 2000, 2000, 2000, 2000, 7, 7, 15, 15, 7, 7,1000000', 1)
(' 2000, 2000, 2000, 2000, 7, 7, 15, 15, 7, 7,1000000', 1)
(' 2000, 2000, 2000, 2000, 3, 3, 9, 9, 3, 3,1000000', 1)
(' 2000, 2000, 2000, 2000, 3, 3, 8, 8, 3, 3,1000000', 1)
(' 2000, 2000, 2000, 2000, 11, 11, 17, 17, 11, 11,1000000', 1)
(' 2000, 2000, 2000, 2000, 7, 7, 15, 15, 7, 7,1000000', 1)
(' 2000, 2000, 2000, 2000, 2, 2, 6, 6, 2, 2,1000000', 1)
(' 2000, 2000, 2000, 2000, 3, 3, 6, 6, 3, 3,1000000', 1)
(' 2000, 2000, 2000, 2000, 4, 4, 17, 17, 4, 4,1000000', 1)
(' 2000, 2000, 2000, 2000, 11, 11, 17, 17, 11, 11,1000000', 1)
(' 2000, 2000, 2000, 2000, 3, 3, 8, 8, 3, 3,1000000', 1)
(' 2000, 2000, 2000, 2000, 4, 4, 10, 10, 4, 4,1000000', 1)
(' 2000, 2000, 2000, 2000, 4, 4, 15, 15, 4, 4,1000000', 1)
(' 2000, 2000, 2000, 2000, 7, 7, 15, 15, 7, 7,1000000', 1)
(' 2000, 2000, 2000, 2000, 2, 2, 17, 17, 2, 2,1000000', 1)
(' 2000, 2000, 2000, 2000, 3, 3, 6, 6, 3, 3,1000000', 1)
(' 2000, 2000, 2000, 2000, 2, 2, 8, 8, 2, 2,1000000', 1)
(' 2000, 2000, 2000, 2000, 7, 7, 15, 15, 7, 7,1000000', 1)
(' 2000, 2000, 2000, 2000, 2, 2, 2, 2, 2, 2,1000000', 1)
(' 2000, 2000, 2000, 2000, 3, 3, 8, 8, 3, 3,1000000', 1)
(' 2000, 2000, 2000, 2000, 4, 4, 15, 15, 4, 4,1000000', 1)
(' 2000, 2000, 2000, 2000, 3, 3, 9, 9, 3, 3,1000000', 1)
(' 2000, 2000, 2000, 2000, 4, 4, 8, 8, 4, 4,1000000', 1)
(' 2000, 2000, 2000, 2000, 2, 2, 6, 6, 2, 2,1000000', 1)
(' 2000, 2000, 2000, 2000, 11, 11, 17, 17, 11, 11,1000000', 1)
(' 2000, 2000, 2000, 2000, 11, 11, 17, 17, 11, 11,1000000', 1)
(' 2000, 2000, 2000, 2000, 3, 3, 8, 8, 3, 3,1000000', 1)
(' 2000, 2000, 2000, 2000, 3, 3, 6, 6, 3, 3,1000000', 1)
(' 2000, 2000, 2000, 2000, 11, 11, 17, 17, 11, 11,1000000', 1)
(' 2000, 2000, 2000, 2000, 7, 7, 15, 15, 7, 7,1000000', 1)
(' 2000, 2000, 2000, 2000, 3, 3, 9, 9, 3, 3,1000000', 1)
(' 2000, 2000, 2000, 2000, 7, 7, 15, 15, 7, 7,1000000', 1)
(' 2000, 2000, 2000, 2000, 2, 2, 6, 6, 2, 2,1000000', 1)
(' 2000, 2000, 2000, 2000, 2, 2, 2, 2, 2, 2,1000000', 1)
(' 2000, 2000, 2000, 2000, 5, 5, 10, 10, 5, 5,1000000', 1)
(' 2000, 2000, 2000, 2000, 3, 3, 8, 8, 3, 3,1000000', 1)
(' 2000, 2000, 2000, 2000, 7, 7, 16, 16, 7, 7,1000000', 1)
(' 2000, 2000, 2000, 2000, 4, 4, 10, 10, 4, 4,1000000', 1)
(' 2000, 2000, 2000, 2000, 2, 2, 10, 10, 2, 2,1000000', 1)
(' 2000, 2000, 2000, 2000, 4, 4, 12, 12, 4, 4,1000000', 1)
(' 2000, 2000, 2000, 2000, 4, 4, 10, 10, 4, 4,1000000', 1)
(' 2000, 2000, 2000, 2000, 5, 5, 9, 9, 5, 5,1000000', 1)
(' 2000, 2000, 2000, 2000, 3, 3, 16, 16, 3, 3,1000000', 1)
(' 2000, 2000, 2000, 2000, 5, 5, 9, 9, 5, 5,1000000', 1)
(' 2000, 2000, 2000, 2000, 4, 4, 10, 10, 4, 4,1000000', 1)
(' 2000, 2000, 2000, 2000, 7, 7, 16, 16, 7, 7,1000000', 1)
(' 2000, 2000, 2000, 2000, 7, 7, 16, 16, 7, 7,1000000', 1)
(' 2000, 2000, 2000, 2000, 4, 4, 12, 12, 4, 4,1000000', 1)
(' 2000, 2000, 2000, 2000, 3, 3, 12, 12, 3, 3,1000000', 1)
(' 2000, 2000, 2000, 2000, 1, 1, 1, 1, 1, 1,1000000', 1)
(' 2000, 2000, 2000, 2000, 7, 7, 18, 18, 7, 7,1000000', 1)
(' 2000, 2000, 2000, 2000, 7, 7, 13, 13, 7, 7,1000000', 1)
(' 2000, 2000, 2000, 2000, 1, 1, 12, 12, 1, 1,1000000', 1)
(' 2000, 2000, 2000, 2000, 7, 7, 18, 18, 7, 7,1000000', 1)
(' 2000, 2000, 2000, 2000, 5, 5, 19, 19, 5, 5,1000000', 1)
(' 2000, 2000, 2000, 2000, 5, 5, 9, 9, 5, 5,1000000', 1)
(' 2000, 2000, 2000, 2000, 7, 7, 13, 13, 7, 7,1000000', 1)
(' 2000, 2000, 2000, 2000, 4, 4, 12, 12, 4, 4,1000000', 1)
(' 2000, 2000, 2000, 2000, 4, 4, 18, 18, 4, 4,1000000', 1)
(' 2000, 2000, 2000, 2000, 5, 5, 13, 13, 5, 5,1000000', 1)
(' 2000, 2000, 2000, 2000, 4, 4, 10, 10, 4, 4,1000000', 1)
(' 2000, 2000, 2000, 2000, 5, 5, 9, 9, 5, 5,1000000', 1)
(' 2000, 2000, 2000, 2000, 5, 5, 19, 19, 5, 5,1000000', 1)
(' 2000, 2000, 2000, 2000, 7, 7, 18, 18, 7, 7,1000000', 1)
(' 2000, 2000, 2000, 2000, 7, 7, 13, 13, 7, 7,1000000', 1)
(' 2000, 2000, 2000, 2000, 4, 4, 10, 10, 4, 4,1000000', 1)
(' 2000, 2000, 2000, 2000, 5, 5, 19, 19, 5, 5,1000000', 1)
(' 2000, 2000, 2000, 2000, 5, 5, 19, 19, 5, 5,1000000', 1)
(' 2000, 2000, 2000, 2000, 5, 5, 16, 16, 5, 5,1000000', 1)
(' 2000, 2000, 2000, 2000, 9, 9, 19, 19, 9, 9,1000000', 1)
(' 2000, 2000, 2000, 2000, 4, 4, 9, 9, 4, 4,1000000', 1)
(' 2000, 2000, 2000, 2000, 7, 7, 18, 18, 7, 7,1000000', 1)
(' 2000, 2000, 2000, 2000, 9, 9, 19, 19, 9, 9,1000000', 1)
(' 2000, 2000, 2000, 2000, 5, 5, 16, 16, 5, 5,1000000', 1)
(' 2000, 2000, 2000, 2000, 5, 5, 19, 19, 5, 5,1000000', 1)
(' 2000, 2000, 2000, 2000, 2, 2, 10, 10, 2, 2,1000000', 1)
(' 2000, 2000, 2000, 2000, 4, 4, 12, 12, 4, 4,1000000', 1)
(' 2000, 2000, 2000, 2000, 9, 9, 19, 19, 9, 9,1000000', 1)
(' 2000, 2000, 2000, 2000, 5, 5, 13, 13, 5, 5,1000000', 1)
(' 2000, 2000, 2000, 2000, 4, 4, 18, 18, 4, 4,1000000', 1)
(' 2000, 2000, 2000, 2000, 9, 9, 19, 19, 9, 9,1000000', 1)
(' 2000, 2000, 2000, 2000, 7, 7, 18, 18, 7, 7,1000000', 1)
(' 2000, 2000, 2000, 2000, 5, 5, 13, 13, 5, 5,1000000', 1)
(' 2000, 2000, 2000, 2000, 3, 3, 12, 12, 3, 3,1000000', 1)
(' 2000, 2000, 2000, 2000, 7, 7, 18, 18, 7, 7,1000000', 1)
(' 2000, 2000, 2000, 2000, 3, 3, 16, 16, 3, 3,1000000', 1)
(' 2000, 2000, 2000, 2000, 7, 7, 13, 13, 7, 7,1000000', 1)
(' 2000, 2000, 2000, 2000, 1, 1, 16, 16, 1, 1,1000000', 1)
(' 2000, 2000, 2000, 2000, 4, 4, 10, 10, 4, 4,1000000', 1)
(' 2000, 2000, 2000, 2000, 4, 4, 12, 12, 4, 4,1000000', 1)
(' 2000, 2000, 2000, 2000, 7, 7, 16, 16, 7, 7,1000000', 1)
(' 2000, 2000, 2000, 2000, 5, 5, 19, 19, 5, 5,1000000', 1)
(' 2000, 2000, 2000, 2000, 7, 7, 18, 18, 7, 7,1000000', 1)
(' 2000, 2000, 2000, 2000, 5, 5, 19, 19, 5, 5,1000000', 1)
(' 2000, 2000, 2000, 2000, 7, 7, 18, 18, 7, 7,1000000', 1)
(' 2000, 2000, 2000, 2000, 4, 4, 12, 12, 4, 4,1000000', 1)
(' 2000, 2000, 2000, 2000, 7, 7, 13, 13, 7, 7,1000000', 1)
(' 2000, 2000, 2000, 2000, 7, 7, 18, 18, 7, 7,1000000', 1)
(' 2000, 2000, 2000, 2000, 7, 7, 13, 13, 7, 7,1000000', 1)
(' 2000, 2000, 2000, 2000, 4, 4, 10, 10, 4, 4,1000000', 1)
(' 2000, 2000, 2000, 2000, 7, 7, 13, 13, 7, 7,1000000', 1)
(' 2000, 2000, 2000, 2000, 5, 5, 16, 16, 5, 5,1000000', 1)
(' 2000, 2000, 2000, 2000, 4, 4, 18, 18, 4, 4,1000000', 1)
(' 2000, 2000, 2000, 2000, 5, 5, 19, 19, 5, 5,1000000', 1)
(' 2000, 2000, 2000, 2000, 4, 4, 9, 9, 4, 4,1000000', 1)
(' 2000, 2000, 2000, 2000, 9, 9, 19, 19, 9, 9,1000000', 1)
(' 2000, 2000, 2000, 2000, 9, 9, 19, 19, 9, 9,1000000', 1)
(' 2000, 2000, 2000, 2000, 5, 5, 13, 13, 5, 5,1000000', 1)
(' 2000, 2000, 2000, 2000, 4, 4, 12, 12, 4, 4,1000000', 1)
(' 2000, 2000, 2000, 2000, 4, 4, 12, 12, 4, 4,1000000', 1)
(' 2000, 2000, 2000, 2000, 5, 5, 13, 13, 5, 5,1000000', 1)
(' 2000, 2000, 2000, 2000, 4, 4, 18, 18, 4, 4,1000000', 1)
(' 2000, 2000, 2000, 2000, 5, 5, 16, 16, 5, 5,1000000', 1)
(' 2000, 2000, 2000, 2000, 4, 4, 10, 10, 4, 4,1000000', 1)
(' 2000, 2000, 2000, 2000, 7, 7, 16, 16, 7, 7,1000000', 1)
(' 2000, 2000, 2000, 2000, 9, 9, 19, 19, 9, 9,1000000', 1)
(' 2000, 2000, 2000, 2000, 4, 4, 9, 9, 4, 4,1000000', 1)
(' 2000, 2000, 2000, 2000, 9, 9, 19, 19, 9, 9,1000000', 1)
(' 2000, 2000, 2000, 2000, 5, 5, 19, 19, 5, 5,1000000', 1)
(' 2000, 2000, 2000, 2000, 3, 3, 16, 16, 3, 3,1000000', 1)
(' 2000, 2000, 2000, 2000, 7, 7, 18, 18, 7, 7,1000000', 1)
(' 2000, 2000, 2000, 2000, 7, 7, 18, 18, 7, 7,1000000', 1)
(' 2000, 2000, 2000, 2000, 1, 1, 1, 1, 1, 1,1000000', 1)
(' 2000, 2000, 2000, 2000, 7, 7, 16, 16, 7, 7,1000000', 1)
(' 2000, 2000, 2000, 2000, 3, 3, 12, 12, 3, 3,1000000', 1)
(' 2000, 2000, 2000, 2000, 9, 9, 19, 19, 9, 9,1000000', 1)
(' 2000, 2000, 2000, 2000, 1, 1, 13, 13, 1, 1,1000000', 1)
(' 2000, 2000, 2000, 2000, 7, 7, 16, 16, 7, 7,1000000', 1)
(' 2000, 2000, 2000, 2000, 5, 5, 9, 9, 5, 5,1000000', 1)
(' 2000, 2000, 2000, 2000, 7, 7, 18, 18, 7, 7,1000000', 1)
(' 2000, 2000, 2000, 2000, 7, 7, 18, 18, 7, 7,1000000', 1)
(' 2000, 2000, 2000, 2000, 7, 7, 18, 18, 7, 7,1000000', 1)
(' 2000, 2000, 2000, 2000, 5, 5, 16, 16, 5, 5,1000000', 1)
(' 2000, 2000, 2000, 2000, 4, 4, 9, 9, 4, 4,1000000', 1)
(' 2000, 2000, 2000, 2000, 5, 5, 19, 19, 5, 5,1000000', 1)
(' 2000, 2000, 2000, 2000, 68, 68, 99, 99, 68, 68,1000000', 1)
(' 2000, 2000, 2000, 2000, 68, 68, 99, 99, 68, 68,1000000', 1)
(' 2000, 2000, 2000, 2000, 68, 68, 99, 99, 68, 68,1000000', 1)
(' 2000, 2000, 2000, 2000, 68, 68, 99, 99, 68, 68,1000000', 1)
(' 2000, 2000, 2000, 2000, 68, 68, 99, 99, 68, 68,1000000', 1)
(' 2000, 2000, 2000, 2000, 31, 31, 99, 99, 31, 31,1000000', 1)
(' 2000, 2000, 2000, 2000, 31, 31, 99, 99, 31, 31,1000000', 1)
(' 2000, 2000, 2000, 2000, 68, 68, 99, 99, 68, 68,1000000', 1)
(' 2000, 2000, 2000, 2000, 68, 68, 99, 99, 68, 68,1000000', 1)
(' 2000, 2000, 2000, 2000, 68, 68, 99, 99, 68, 68,1000000', 1)
(' 2000, 2000, 2000, 2000, 68, 68, 99, 99, 68, 68,1000000', 1)
(' 2000, 2000, 2000, 2000, 31, 31, 99, 99, 31, 31,1000000', 1)
(' 2000, 2000, 2000, 2000, 31, 31, 99, 99, 31, 31,1000000', 1)
(' 2000, 2000, 2000, 2000, 68, 68, 99, 99, 68, 68,1000000', 1)
(' 2000, 2000, 2000, 2000, 31, 31, 99, 99, 31, 31,1000000', 1)
(' 2000, 2000, 2000, 2000, 68, 68, 99, 99, 68, 68,1000000', 1)
(' 2000, 2000, 2000, 2000, 68, 68, 99, 99, 68, 68,1000000', 1)
(' 2000, 2000, 2000, 2000, 68, 68, 99, 99, 68, 68,1000000', 1)
(' 2000, 2000, 2000, 2000, 31, 31, 99, 99, 31, 31,1000000', 1)
(' 2000, 2000, 2000, 2000, 31, 31, 99, 99, 31, 31,1000000', 1)
(' 2000, 2000, 2000, 2000, 31, 31, 99, 99, 31, 31,1000000', 1)
(' 2000, 2000, 2000, 2000, 31, 31, 99, 99, 31, 31,1000000', 1)
(' 2000, 2000, 2000, 2000, 68, 68, 99, 99, 68, 68,1000000', 1)
(' 2000, 2000, 2000, 2000, 68, 68, 99, 99, 68, 68,1000000', 1)
(' 2000, 2000, 2000, 2000, 68, 68, 99, 99, 68, 68,1000000', 1)
(' 2000, 2000, 2000, 2000, 68, 68, 99, 99, 68, 68,1000000', 1)
(' 2000, 2000, 2000, 2000, 68, 68, 99, 99, 68, 68,1000000', 1)
(' 2000, 2000, 2000, 2000, 31, 31, 99, 99, 31, 31,1000000', 1)
(' 2000, 2000, 2000, 2000, 68, 68, 99, 99, 68, 68,1000000', 1)
(' 2000, 2000, 2000, 2000, 68, 68, 99, 99, 68, 68,1000000', 1)
(' 2000, 2000, 2000, 2000, 68, 68, 99, 99, 68, 68,1000000', 1)
(' 2000, 2000, 2000, 2000, 68, 68, 99, 99, 68, 68,1000000', 1)
(' 2000, 2000, 2000, 2000, 68, 68, 99, 99, 68, 68,1000000', 1)
(' 2000, 2000, 2000, 2000, 68, 68, 99, 99, 68, 68,1000000', 1)
(' 2000, 2000, 2000, 2000, 68, 68, 99, 99, 68, 68,1000000', 1)
(' 2000, 2000, 2000, 2000, 68, 68, 99, 99, 68, 68,1000000', 1)
(' 2000, 2000, 2000, 2000, 68, 68, 99, 99, 68, 68,1000000', 1)
(' 2000, 2000, 2000, 2000, 68, 68, 99, 99, 68, 68,1000000', 1)
(' 2000, 2000, 2000, 2000, 31, 31, 99, 99, 31, 31,1000000', 1)
(' 2000, 2000, 2000, 2000, 68, 68, 99, 99, 68, 68,1000000', 1)
(' 2000, 2000, 2000, 2000, 31, 31, 99, 99, 31, 31,1000000', 1)
(' 2000, 2000, 2000, 2000, 68, 68, 99, 99, 68, 68,1000000', 1)
(' 2000, 2000, 2000, 2000, 31, 31, 99, 99, 31, 31,1000000', 1)
(' 2000, 2000, 2000, 2000, 31, 31, 99, 99, 31, 31,1000000', 1)
(' 2000, 2000, 2000, 2000, 68, 68, 99, 99, 68, 68,1000000', 1)
(' 2000, 2000, 2000, 2000, 31, 31, 99, 99, 31, 31,1000000', 1)
(' 2000, 2000, 2000, 2000, 31, 31, 99, 99, 31, 31,1000000', 1)
(' 2000, 2000, 2000, 2000, 68, 68, 99, 99, 68, 68,1000000', 1)
(' 2000, 2000, 2000, 2000, 31, 31, 99, 99, 31, 31,1000000', 1)
(' 2000, 2000, 2000, 2000, 31, 31, 99, 99, 31, 31,1000000', 1)
(' 2000, 2000, 2000, 2000, 68, 68, 99, 99, 68, 68,1000000', 1)
(' 2000, 2000, 2000, 2000, 68, 68, 99, 99, 68, 68,1000000', 1)
(' 2000, 2000, 2000, 2000, 31, 31, 99, 99, 31, 31,1000000', 1)
(' 2000, 2000, 2000, 2000, 31, 31, 99, 99, 31, 31,1000000', 1)
(' 2000, 2000, 2000, 2000, 31, 31, 99, 99, 31, 31,1000000', 1)
(' 2000, 2000, 2000, 2000, 68, 68, 99, 99, 68, 68,1000000', 1)
(' 2000, 2000, 2000, 2000, 31, 31, 99, 99, 31, 31,1000000', 1)
(' 2000, 2000, 2000, 2000, 68, 68, 99, 99, 68, 68,1000000', 1)
(' 2000, 2000, 2000, 2000, 31, 31, 99, 99, 31, 31,1000000', 1)
(' 2000, 2000, 2000, 2000, 68, 68, 99, 99, 68, 68,1000000', 1)
(' 2000, 2000, 2000, 2000, 31, 31, 99, 99, 31, 31,1000000', 1)
(' 2000, 2000, 2000, 2000, 31, 31, 99, 99, 31, 31,1000000', 1)
(' 2000, 2000, 2000, 2000, 68, 68, 99, 99, 68, 68,1000000', 1)
(' 2000, 2000, 2000, 2000, 31, 31, 99, 99, 31, 31,1000000', 1)
(' 2000, 2000, 2000, 2000, 68, 68, 99, 99, 68, 68,1000000', 1)
(' 2000, 2000, 2000, 2000, 68, 68, 99, 99, 68, 68,1000000', 1)
(' 2000, 2000, 2000, 2000, 68, 68, 99, 99, 68, 68,1000000', 1)
(' 2000, 2000, 2000, 2000, 68, 68, 99, 99, 68, 68,1000000', 1)
(' 2000, 2000, 2000, 2000, 68, 68, 99, 99, 68, 68,1000000', 1)
(' 2000, 2000, 2000, 2000, 68, 68, 99, 99, 68, 68,1000000', 1)
(' 2000, 2000, 2000, 2000, 68, 68, 99, 99, 68, 68,1000000', 1)
(' 2000, 2000, 2000, 2000, 68, 68, 99, 99, 68, 68,1000000', 1)
(' 2000, 2000, 2000, 2000, 31, 31, 99, 99, 31, 31,1000000', 1)
(' 2000, 2000, 2000, 2000, 68, 68, 99, 99, 68, 68,1000000', 1)
(' 2000, 2000, 2000, 2000, 68, 68, 99, 99, 68, 68,1000000', 1)
(' 2000, 2000, 2000, 2000, 68, 68, 99, 99, 68, 68,1000000', 1)
(' 2000, 2000, 2000, 2000, 68, 68, 99, 99, 68, 68,1000000', 1)
(' 2000, 2000, 2000, 2000, 31, 31, 99, 99, 31, 31,1000000', 1)
(' 2000, 2000, 2000, 2000, 68, 68, 99, 99, 68, 68,1000000', 1)
(' 2000, 2000, 2000, 2000, 68, 68, 99, 99, 68, 68,1000000', 1)
(' 2000, 2000, 2000, 2000, 68, 68, 99, 99, 68, 68,1000000', 1)
(' 2000, 2000, 2000, 2000, 68, 68, 99, 99, 68, 68,1000000', 1)
(' 2000, 2000, 2000, 2000, 68, 68, 99, 99, 68, 68,1000000', 1)
(' 2000, 2000, 2000, 2000, 68, 68, 99, 99, 68, 68,1000000', 1)
(' 2000, 2000, 2000, 2000, 68, 68, 99, 99, 68, 68,1000000', 1)
(' 2000, 2000, 2000, 2000, 68, 68, 99, 99, 68, 68,1000000', 1)
(' 2000, 2000, 2000, 2000, 68, 68, 99, 99, 68, 68,1000000', 1)
(' 2000, 2000, 2000, 2000, 68, 68, 99, 99, 68, 68,1000000', 1)
(' 2000, 2000, 2000, 2000, 68, 68, 99, 99, 68, 68,1000000', 1)
(' 2000, 2000, 2000, 2000, 68, 68, 99, 99, 68, 68,1000000', 1)
(' 2000, 2000, 2000, 2000, 31, 31, 99, 99, 31, 31,1000000', 1)
(' 2000, 2000, 2000, 2000, 68, 68, 99, 99, 68, 68,1000000', 1)
(' 2000, 2000, 2000, 2000, 68, 68, 99, 99, 68, 68,1000000', 1)
(' 2000, 2000, 2000, 2000, 31, 31, 99, 99, 31, 31,1000000', 1)
(' 2000, 2000, 2000, 2000, 31, 31, 99, 99, 31, 31,1000000', 1)
(' 2000, 2000, 2000, 2000, 68, 68, 99, 99, 68, 68,1000000', 1)
(' 2000, 2000, 2000, 2000, 68, 68, 99, 99, 68, 68,1000000', 1)
(' 2000, 2000, 2000, 2000, 68, 68, 99, 99, 68, 68,1000000', 1)
(' 2000, 2000, 2000, 2000, 68, 68, 99, 99, 68, 68,1000000', 1)
(' 2000, 2000, 2000, 2000, 22, 22, 99, 99, 22, 22,1000000', 1)
(' 2000, 2000, 2000, 2000, 22, 22, 99, 99, 22, 22,1000000', 1)
(' 2000, 2000, 2000, 2000, 55, 55, 99, 99, 55, 55,1000000', 1)
(' 2000, 2000, 2000, 2000, 22, 22, 99, 99, 22, 22,1000000', 1)
(' 2000, 2000, 2000, 2000, 22, 22, 99, 99, 22, 22,1000000', 1)
(' 2000, 2000, 2000, 2000, 55, 55, 99, 99, 55, 55,1000000', 1)
(' 2000, 2000, 2000, 2000, 22, 22, 99, 99, 22, 22,1000000', 1)
(' 2000, 2000, 2000, 2000, 22, 22, 99, 99, 22, 22,1000000', 1)
(' 2000, 2000, 2000, 2000, 55, 55, 99, 99, 55, 55,1000000', 1)
(' 2000, 2000, 2000, 2000, 55, 55, 99, 99, 55, 55,1000000', 1)
(' 2000, 2000, 2000, 2000, 22, 22, 99, 99, 22, 22,1000000', 1)
(' 2000, 2000, 2000, 2000, 55, 55, 99, 99, 55, 55,1000000', 1)
(' 2000, 2000, 2000, 2000, 55, 55, 99, 99, 55, 55,1000000', 1)
(' 2000, 2000, 2000, 2000, 55, 55, 99, 99, 55, 55,1000000', 1)
(' 2000, 2000, 2000, 2000, 55, 55, 99, 99, 55, 55,1000000', 1)
(' 2000, 2000, 2000, 2000, 55, 55, 99, 99, 55, 55,1000000', 1)
(' 2000, 2000, 2000, 2000, 22, 22, 99, 99, 22, 22,1000000', 1)
(' 2000, 2000, 2000, 2000, 55, 55, 99, 99, 55, 55,1000000', 1)
(' 2000, 2000, 2000, 2000, 22, 22, 99, 99, 22, 22,1000000', 1)
(' 2000, 2000, 2000, 2000, 55, 55, 99, 99, 55, 55,1000000', 1)
(' 2000, 2000, 2000, 2000, 55, 55, 99, 99, 55, 55,1000000', 1)
(' 2000, 2000, 2000, 2000, 22, 22, 99, 99, 22, 22,1000000', 1)
(' 2000, 2000, 2000, 2000, 55, 55, 99, 99, 55, 55,1000000', 1)
(' 2000, 2000, 2000, 2000, 22, 22, 99, 99, 22, 22,1000000', 1)
(' 2000, 2000, 2000, 2000, 22, 22, 99, 99, 22, 22,1000000', 1)
(' 2000, 2000, 2000, 2000, 55, 55, 99, 99, 55, 55,1000000', 1)
(' 2000, 2000, 2000, 2000, 22, 22, 99, 99, 22, 22,1000000', 1)
(' 2000, 2000, 2000, 2000, 55, 55, 99, 99, 55, 55,1000000', 1)
(' 2000, 2000, 2000, 2000, 22, 22, 99, 99, 22, 22,1000000', 1)
(' 2000, 2000, 2000, 2000, 22, 22, 99, 99, 22, 22,1000000', 1)
(' 2000, 2000, 2000, 2000, 55, 55, 99, 99, 55, 55,1000000', 1)
(' 2000, 2000, 2000, 2000, 55, 55, 99, 99, 55, 55,1000000', 1)
(' 2000, 2000, 2000, 2000, 55, 55, 99, 99, 55, 55,1000000', 1)
(' 2000, 2000, 2000, 2000, 55, 55, 99, 99, 55, 55,1000000', 1)
(' 2000, 2000, 2000, 2000, 22, 22, 99, 99, 22, 22,1000000', 1)
(' 2000, 2000, 2000, 2000, 22, 22, 99, 99, 22, 22,1000000', 1)
(' 2000, 2000, 2000, 2000, 22, 22, 99, 99, 22, 22,1000000', 1)
(' 2000, 2000, 2000, 2000, 55, 55, 99, 99, 55, 55,1000000', 1)
(' 2000, 2000, 2000, 2000, 55, 55, 99, 99, 55, 55,1000000', 1)
(' 2000, 2000, 2000, 2000, 55, 55, 99, 99, 55, 55,1000000', 1)
(' 2000, 2000, 2000, 2000, 55, 55, 99, 99, 55, 55,1000000', 1)
(' 2000, 2000, 2000, 2000, 22, 22, 99, 99, 22, 22,1000000', 1)
(' 2000, 2000, 2000, 2000, 22, 22, 99, 99, 22, 22,1000000', 1)
(' 2000, 2000, 2000, 2000, 22, 22, 99, 99, 22, 22,1000000', 1)
(' 2000, 2000, 2000, 2000, 55, 55, 99, 99, 55, 55,1000000', 1)
(' 2000, 2000, 2000, 2000, 22, 22, 99, 99, 22, 22,1000000', 1)
(' 2000, 2000, 2000, 2000, 22, 22, 99, 99, 22, 22,1000000', 1)
(' 2000, 2000, 2000, 2000, 55, 55, 99, 99, 55, 55,1000000', 1)
(' 2000, 2000, 2000, 2000, 55, 55, 99, 99, 55, 55,1000000', 1)
(' 2000, 2000, 2000, 2000, 55, 55, 99, 99, 55, 55,1000000', 1)
(' 2000, 2000, 2000, 2000, 22, 22, 99, 99, 22, 22,1000000', 1)
(' 2000, 2000, 2000, 2000, 55, 55, 99, 99, 55, 55,1000000', 1)
(' 2000, 2000, 2000, 2000, 22, 22, 99, 99, 22, 22,1000000', 1)
(' 2000, 2000, 2000, 2000, 55, 55, 99, 99, 55, 55,1000000', 1)
(' 2000, 2000, 2000, 2000, 55, 55, 99, 99, 55, 55,1000000', 1)
(' 2000, 2000, 2000, 2000, 22, 22, 99, 99, 22, 22,1000000', 1)
(' 2000, 2000, 2000, 2000, 55, 55, 99, 99, 55, 55,1000000', 1)
(' 2000, 2000, 2000, 2000, 55, 55, 99, 99, 55, 55,1000000', 1)
(' 2000, 2000, 2000, 2000, 55, 55, 99, 99, 55, 55,1000000', 1)
(' 2000, 2000, 2000, 2000, 55, 55, 99, 99, 55, 55,1000000', 1)
(' 2000, 2000, 2000, 2000, 55, 55, 99, 99, 55, 55,1000000', 1)
(' 2000, 2000, 2000, 2000, 55, 55, 99, 99, 55, 55,1000000', 1)
(' 2000, 2000, 2000, 2000, 22, 22, 99, 99, 22, 22,1000000', 1)
(' 2000, 2000, 2000, 2000, 55, 55, 99, 99, 55, 55,1000000', 1)
(' 2000, 2000, 2000, 2000, 55, 55, 99, 99, 55, 55,1000000', 1)
(' 2000, 2000, 2000, 2000, 55, 55, 99, 99, 55, 55,1000000', 1)
(' 2000, 2000, 2000, 2000, 22, 22, 99, 99, 22, 22,1000000', 1)
(' 2000, 2000, 2000, 2000, 22, 22, 99, 99, 22, 22,1000000', 1)
(' 2000, 2000, 2000, 2000, 55, 55, 99, 99, 55, 55,1000000', 1)
(' 2000, 2000, 2000, 2000, 55, 55, 99, 99, 55, 55,1000000', 1)
(' 2000, 2000, 2000, 2000, 55, 55, 99, 99, 55, 55,1000000', 1)
(' 2000, 2000, 2000, 2000, 22, 22, 99, 99, 22, 22,1000000', 1)
(' 2000, 2000, 2000, 2000, 55, 55, 99, 99, 55, 55,1000000', 1)
(' 2000, 2000, 2000, 2000, 22, 22, 99, 99, 22, 22,1000000', 1)
(' 2000, 2000, 2000, 2000, 55, 55, 99, 99, 55, 55,1000000', 1)
(' 2000, 2000, 2000, 2000, 22, 22, 99, 99, 22, 22,1000000', 1)
(' 2000, 2000, 2000, 2000, 22, 22, 99, 99, 22, 22,1000000', 1)
(' 2000, 2000, 2000, 2000, 55, 55, 99, 99, 55, 55,1000000', 1)
(' 2000, 2000, 2000, 2000, 22, 22, 99, 99, 22, 22,1000000', 1)
(' 2000, 2000, 2000, 2000, 22, 22, 99, 99, 22, 22,1000000', 1)
(' 2000, 2000, 2000, 2000, 22, 22, 99, 99, 22, 22,1000000', 1)
(' 2000, 2000, 2000, 2000, 22, 22, 99, 99, 22, 22,1000000', 1)
(' 2000, 2000, 2000, 2000, 55, 55, 99, 99, 55, 55,1000000', 1)
(' 2000, 2000, 2000, 2000, 55, 55, 99, 99, 55, 55,1000000', 1)
(' 2000, 2000, 2000, 2000, 22, 22, 99, 99, 22, 22,1000000', 1)
(' 2000, 2000, 2000, 2000, 22, 22, 99, 99, 22, 22,1000000', 1)
(' 2000, 2000, 2000, 2000, 22, 22, 99, 99, 22, 22,1000000', 1)
(' 2000, 2000, 2000, 2000, 55, 55, 99, 99, 55, 55,1000000', 1)
(' 2000, 2000, 2000, 2000, 22, 22, 99, 99, 22, 22,1000000', 1)
(' 2000, 2000, 2000, 2000, 22, 22, 99, 99, 22, 22,1000000', 1)
(' 2000, 2000, 2000, 2000, 55, 55, 99, 99, 55, 55,1000000', 1)
(' 2000, 2000, 2000, 2000, 55, 55, 99, 99, 55, 55,1000000', 1)
(' 2000, 2000, 2000, 2000, 55, 55, 99, 99, 55, 55,1000000', 1)
(' 2000, 2000, 2000, 2000, 55, 55, 99, 99, 55, 55,1000000', 1)
(' 2000, 2000, 2000, 2000, 55, 55, 99, 99, 55, 55,1000000', 1)
(' 2000, 2000, 2000, 2000, 22, 22, 99, 99, 22, 22,1000000', 1)
(' 2000, 2000, 2000, 2000, 55, 55, 99, 99, 55, 55,1000000', 1)
(' 2000, 2000, 2000, 2000, 55, 55, 99, 99, 55, 55,1000000', 1)
(' 2000, 2000, 2000, 2000, 22, 22, 99, 99, 22, 22,1000000', 1)
(' 2000, 2000, 2000, 2000, 36, 36, 99, 99, 36, 36,1000000', 1)
(' 2000, 2000, 2000, 2000, 28, 28, 99, 99, 28, 28,1000000', 1)
(' 2000, 2000, 2000, 2000, 36, 36, 99, 99, 36, 36,1000000', 1)
(' 2000, 2000, 2000, 2000, 35, 35, 99, 99, 35, 35,1000000', 1)
(' 2000, 2000, 2000, 2000, 28, 28, 99, 99, 28, 28,1000000', 1)
(' 2000, 2000, 2000, 2000, 35, 35, 99, 99, 35, 35,1000000', 1)
(' 2000, 2000, 2000, 2000, 28, 28, 99, 99, 28, 28,1000000', 1)
(' 2000, 2000, 2000, 2000, 35, 35, 99, 99, 35, 35,1000000', 1)
(' 2000, 2000, 2000, 2000, 35, 35, 99, 99, 35, 35,1000000', 1)
(' 2000, 2000, 2000, 2000, 36, 36, 99, 99, 36, 36,1000000', 1)
(' 2000, 2000, 2000, 2000, 36, 36, 99, 99, 36, 36,1000000', 1)
(' 2000, 2000, 2000, 2000, 28, 28, 99, 99, 28, 28,1000000', 1)
(' 2000, 2000, 2000, 2000, 28, 28, 99, 99, 28, 28,1000000', 1)
(' 2000, 2000, 2000, 2000, 36, 36, 99, 99, 36, 36,1000000', 1)
(' 2000, 2000, 2000, 2000, 35, 35, 99, 99, 35, 35,1000000', 1)
(' 2000, 2000, 2000, 2000, 35, 35, 99, 99, 35, 35,1000000', 1)
(' 2000, 2000, 2000, 2000, 36, 36, 99, 99, 36, 36,1000000', 1)
(' 2000, 2000, 2000, 2000, 35, 35, 99, 99, 35, 35,1000000', 1)
(' 2000, 2000, 2000, 2000, 35, 35, 99, 99, 35, 35,1000000', 1)
(' 2000, 2000, 2000, 2000, 28, 28, 99, 99, 28, 28,1000000', 1)
(' 2000, 2000, 2000, 2000, 28, 28, 99, 99, 28, 28,1000000', 1)
(' 2000, 2000, 2000, 2000, 36, 36, 99, 99, 36, 36,1000000', 1)
(' 2000, 2000, 2000, 2000, 35, 35, 99, 99, 35, 35,1000000', 1)
(' 2000, 2000, 2000, 2000, 28, 28, 99, 99, 28, 28,1000000', 1)
(' 2000, 2000, 2000, 2000, 36, 36, 99, 99, 36, 36,1000000', 1)
(' 2000, 2000, 2000, 2000, 36, 36, 99, 99, 36, 36,1000000', 1)
(' 2000, 2000, 2000, 2000, 28, 28, 99, 99, 28, 28,1000000', 1)
(' 2000, 2000, 2000, 2000, 36, 36, 99, 99, 36, 36,1000000', 1)
(' 2000, 2000, 2000, 2000, 36, 36, 99, 99, 36, 36,1000000', 1)
(' 2000, 2000, 2000, 2000, 28, 28, 99, 99, 28, 28,1000000', 1)
(' 2000, 2000, 2000, 2000, 35, 35, 99, 99, 35, 35,1000000', 1)
(' 2000, 2000, 2000, 2000, 28, 28, 99, 99, 28, 28,1000000', 1)
(' 2000, 2000, 2000, 2000, 35, 35, 99, 99, 35, 35,1000000', 1)
(' 2000, 2000, 2000, 2000, 36, 36, 99, 99, 36, 36,1000000', 1)
(' 2000, 2000, 2000, 2000, 28, 28, 99, 99, 28, 28,1000000', 1)
(' 2000, 2000, 2000, 2000, 36, 36, 99, 99, 36, 36,1000000', 1)
(' 2000, 2000, 2000, 2000, 35, 35, 99, 99, 35, 35,1000000', 1)
(' 2000, 2000, 2000, 2000, 35, 35, 99, 99, 35, 35,1000000', 1)
(' 2000, 2000, 2000, 2000, 35, 35, 99, 99, 35, 35,1000000', 1)
(' 2000, 2000, 2000, 2000, 36, 36, 99, 99, 36, 36,1000000', 1)
(' 2000, 2000, 2000, 2000, 28, 28, 99, 99, 28, 28,1000000', 1)
(' 2000, 2000, 2000, 2000, 36, 36, 99, 99, 36, 36,1000000', 1)
(' 2000, 2000, 2000, 2000, 35, 35, 99, 99, 35, 35,1000000', 1)
(' 2000, 2000, 2000, 2000, 35, 35, 99, 99, 35, 35,1000000', 1)
(' 2000, 2000, 2000, 2000, 28, 28, 99, 99, 28, 28,1000000', 1)
(' 2000, 2000, 2000, 2000, 36, 36, 99, 99, 36, 36,1000000', 1)
(' 2000, 2000, 2000, 2000, 35, 35, 99, 99, 35, 35,1000000', 1)
(' 2000, 2000, 2000, 2000, 36, 36, 99, 99, 36, 36,1000000', 1)
(' 2000, 2000, 2000, 2000, 35, 35, 99, 99, 35, 35,1000000', 1)
(' 2000, 2000, 2000, 2000, 35, 35, 99, 99, 35, 35,1000000', 1)
(' 2000, 2000, 2000, 2000, 35, 35, 99, 99, 35, 35,1000000', 1)
(' 2000, 2000, 2000, 2000, 36, 36, 99, 99, 36, 36,1000000', 1)
(' 2000, 2000, 2000, 2000, 28, 28, 99, 99, 28, 28,1000000', 1)
(' 2000, 2000, 2000, 2000, 36, 36, 99, 99, 36, 36,1000000', 1)
(' 2000, 2000, 2000, 2000, 36, 36, 99, 99, 36, 36,1000000', 1)
(' 2000, 2000, 2000, 2000, 35, 35, 99, 99, 35, 35,1000000', 1)
(' 2000, 2000, 2000, 2000, 35, 35, 99, 99, 35, 35,1000000', 1)
(' 2000, 2000, 2000, 2000, 35, 35, 99, 99, 35, 35,1000000', 1)
(' 2000, 2000, 2000, 2000, 36, 36, 99, 99, 36, 36,1000000', 1)
(' 2000, 2000, 2000, 2000, 35, 35, 99, 99, 35, 35,1000000', 1)
(' 2000, 2000, 2000, 2000, 36, 36, 99, 99, 36, 36,1000000', 1)
(' 2000, 2000, 2000, 2000, 28, 28, 99, 99, 28, 28,1000000', 1)
(' 2000, 2000, 2000, 2000, 36, 36, 99, 99, 36, 36,1000000', 1)
(' 2000, 2000, 2000, 2000, 35, 35, 99, 99, 35, 35,1000000', 1)
(' 2000, 2000, 2000, 2000, 36, 36, 99, 99, 36, 36,1000000', 1)
(' 2000, 2000, 2000, 2000, 35, 35, 99, 99, 35, 35,1000000', 1)
(' 2000, 2000, 2000, 2000, 28, 28, 99, 99, 28, 28,1000000', 1)
(' 2000, 2000, 2000, 2000, 28, 28, 99, 99, 28, 28,1000000', 1)
(' 2000, 2000, 2000, 2000, 35, 35, 99, 99, 35, 35,1000000', 1)
(' 2000, 2000, 2000, 2000, 35, 35, 99, 99, 35, 35,1000000', 1)
(' 2000, 2000, 2000, 2000, 36, 36, 99, 99, 36, 36,1000000', 1)
(' 2000, 2000, 2000, 2000, 28, 28, 99, 99, 28, 28,1000000', 1)
(' 2000, 2000, 2000, 2000, 35, 35, 99, 99, 35, 35,1000000', 1)
(' 2000, 2000, 2000, 2000, 36, 36, 99, 99, 36, 36,1000000', 1)
(' 2000, 2000, 2000, 2000, 36, 36, 99, 99, 36, 36,1000000', 1)
(' 2000, 2000, 2000, 2000, 28, 28, 99, 99, 28, 28,1000000', 1)
(' 2000, 2000, 2000, 2000, 36, 36, 99, 99, 36, 36,1000000', 1)
(' 2000, 2000, 2000, 2000, 35, 35, 99, 99, 35, 35,1000000', 1)
(' 2000, 2000, 2000, 2000, 28, 28, 99, 99, 28, 28,1000000', 1)
(' 2000, 2000, 2000, 2000, 35, 35, 99, 99, 35, 35,1000000', 1)
(' 2000, 2000, 2000, 2000, 28, 28, 99, 99, 28, 28,1000000', 1)
(' 2000, 2000, 2000, 2000, 36, 36, 99, 99, 36, 36,1000000', 1)
(' 2000, 2000, 2000, 2000, 36, 36, 99, 99, 36, 36,1000000', 1)
(' 2000, 2000, 2000, 2000, 28, 28, 99, 99, 28, 28,1000000', 1)
(' 2000, 2000, 2000, 2000, 35, 35, 99, 99, 35, 35,1000000', 1)
(' 2000, 2000, 2000, 2000, 36, 36, 99, 99, 36, 36,1000000', 1)
(' 2000, 2000, 2000, 2000, 36, 36, 99, 99, 36, 36,1000000', 1)
(' 2000, 2000, 2000, 2000, 28, 28, 99, 99, 28, 28,1000000', 1)
(' 2000, 2000, 2000, 2000, 28, 28, 99, 99, 28, 28,1000000', 1)
(' 2000, 2000, 2000, 2000, 28, 28, 99, 99, 28, 28,1000000', 1)
(' 2000, 2000, 2000, 2000, 28, 28, 99, 99, 28, 28,1000000', 1)
(' 2000, 2000, 2000, 2000, 35, 35, 99, 99, 35, 35,1000000', 1)
(' 2000, 2000, 2000, 2000, 36, 36, 99, 99, 36, 36,1000000', 1)
(' 2000, 2000, 2000, 2000, 36, 36, 99, 99, 36, 36,1000000', 1)
(' 2000, 2000, 2000, 2000, 35, 35, 99, 99, 35, 35,1000000', 1)
(' 2000, 2000, 2000, 2000, 36, 36, 99, 99, 36, 36,1000000', 1)
(' 2000, 2000, 2000, 2000, 28, 28, 99, 99, 28, 28,1000000', 1)
(' 2000, 2000, 2000, 2000, 36, 36, 99, 99, 36, 36,1000000', 1)
(' 2000, 2000, 2000, 2000, 35, 35, 99, 99, 35, 35,1000000', 1)
(' 2000, 2000, 2000, 2000, 6, 6, 99, 99, 6, 6,1000000', 1)
(' 2000, 2000, 2000, 2000, 7, 7, 99, 99, 7, 7,1000000', 1)
(' 2000, 2000, 2000, 2000, 8, 8, 99, 99, 8, 8,1000000', 1)
(' 2000, 2000, 2000, 2000, 8, 8, 99, 99, 8, 8,1000000', 1)
(' 2000, 2000, 2000, 2000, 7, 7, 99, 99, 7, 7,1000000', 1)
(' 2000, 2000, 2000, 2000, 6, 6, 99, 99, 6, 6,1000000', 1)
(' 2000, 2000, 2000, 2000, 10, 10, 99, 99, 10, 10,1000000', 1)
(' 2000, 2000, 2000, 2000, 6, 6, 99, 99, 6, 6,1000000', 1)
(' 2000, 2000, 2000, 2000, 12, 12, 99, 99, 12, 12,1000000', 1)
(' 2000, 2000, 2000, 2000, 10, 10, 99, 99, 10, 10,1000000', 1)
(' 2000, 2000, 2000, 2000, 17, 17, 99, 99, 17, 17,1000000', 1)
(' 2000, 2000, 2000, 2000, 10, 10, 99, 99, 10, 10,1000000', 1)
(' 2000, 2000, 2000, 2000, 10, 10, 99, 99, 10, 10,1000000', 1)
(' 2000, 2000, 2000, 2000, 8, 8, 99, 99, 8, 8,1000000', 1)
(' 2000, 2000, 2000, 2000, 12, 12, 99, 99, 12, 12,1000000', 1)
(' 2000, 2000, 2000, 2000, 7, 7, 99, 99, 7, 7,1000000', 1)
(' 2000, 2000, 2000, 2000, 2, 2, 99, 99, 2, 2,1000000', 1)
(' 2000, 2000, 2000, 2000, 12, 12, 99, 99, 12, 12,1000000', 1)
(' 2000, 2000, 2000, 2000, 6, 6, 99, 99, 6, 6,1000000', 1)
(' 2000, 2000, 2000, 2000, 11, 11, 99, 99, 11, 11,1000000', 1)
(' 2000, 2000, 2000, 2000, 11, 11, 99, 99, 11, 11,1000000', 1)
(' 2000, 2000, 2000, 2000, 7, 7, 99, 99, 7, 7,1000000', 1)
(' 2000, 2000, 2000, 2000, 6, 6, 99, 99, 6, 6,1000000', 1)
(' 2000, 2000, 2000, 2000, 6, 6, 99, 99, 6, 6,1000000', 1)
(' 2000, 2000, 2000, 2000, 17, 17, 99, 99, 17, 17,1000000', 1)
(' 2000, 2000, 2000, 2000, 11, 11, 99, 99, 11, 11,1000000', 1)
(' 2000, 2000, 2000, 2000, 17, 17, 99, 99, 17, 17,1000000', 1)
(' 2000, 2000, 2000, 2000, 7, 7, 99, 99, 7, 7,1000000', 1)
(' 2000, 2000, 2000, 2000, 17, 17, 99, 99, 17, 17,1000000', 1)
(' 2000, 2000, 2000, 2000, 17, 17, 99, 99, 17, 17,1000000', 1)
(' 2000, 2000, 2000, 2000, 8, 8, 99, 99, 8, 8,1000000', 1)
(' 2000, 2000, 2000, 2000, 11, 11, 99, 99, 11, 11,1000000', 1)
(' 2000, 2000, 2000, 2000, 6, 6, 99, 99, 6, 6,1000000', 1)
(' 2000, 2000, 2000, 2000, 11, 11, 99, 99, 11, 11,1000000', 1)
(' 2000, 2000, 2000, 2000, 6, 6, 99, 99, 6, 6,1000000', 1)
(' 2000, 2000, 2000, 2000, 17, 17, 99, 99, 17, 17,1000000', 1)
(' 2000, 2000, 2000, 2000, 7, 7, 99, 99, 7, 7,1000000', 1)
(' 2000, 2000, 2000, 2000, 7, 7, 99, 99, 7, 7,1000000', 1)
(' 2000, 2000, 2000, 2000, 8, 8, 99, 99, 8, 8,1000000', 1)
(' 2000, 2000, 2000, 2000, 17, 17, 99, 99, 17, 17,1000000', 1)
(' 2000, 2000, 2000, 2000, 7, 7, 99, 99, 7, 7,1000000', 1)
(' 2000, 2000, 2000, 2000, 6, 6, 99, 99, 6, 6,1000000', 1)
(' 2000, 2000, 2000, 2000, 7, 7, 99, 99, 7, 7,1000000', 1)
(' 2000, 2000, 2000, 2000, 17, 17, 99, 99, 17, 17,1000000', 1)
(' 2000, 2000, 2000, 2000, 10, 10, 99, 99, 10, 10,1000000', 1)
(' 2000, 2000, 2000, 2000, 17, 17, 99, 99, 17, 17,1000000', 1)
(' 2000, 2000, 2000, 2000, 12, 12, 99, 99, 12, 12,1000000', 1)
(' 2000, 2000, 2000, 2000, 17, 17, 99, 99, 17, 17,1000000', 1)
(' 2000, 2000, 2000, 2000, 11, 11, 99, 99, 11, 11,1000000', 1)
(' 2000, 2000, 2000, 2000, 6, 6, 99, 99, 6, 6,1000000', 1)
(' 2000, 2000, 2000, 2000, 11, 11, 99, 99, 11, 11,1000000', 1)
(' 2000, 2000, 2000, 2000, 11, 11, 99, 99, 11, 11,1000000', 1)
(' 2000, 2000, 2000, 2000, 10, 10, 99, 99, 10, 10,1000000', 1)
(' 2000, 2000, 2000, 2000, 17, 17, 99, 99, 17, 17,1000000', 1)
(' 2000, 2000, 2000, 2000, 7, 7, 99, 99, 7, 7,1000000', 1)
(' 2000, 2000, 2000, 2000, 12, 12, 99, 99, 12, 12,1000000', 1)
(' 2000, 2000, 2000, 2000, 12, 12, 99, 99, 12, 12,1000000', 1)
(' 2000, 2000, 2000, 2000, 7, 7, 99, 99, 7, 7,1000000', 1)
(' 2000, 2000, 2000, 2000, 12, 12, 99, 99, 12, 12,1000000', 1)
(' 2000, 2000, 2000, 2000, 12, 12, 99, 99, 12, 12,1000000', 1)
(' 2000, 2000, 2000, 2000, 7, 7, 99, 99, 7, 7,1000000', 1)
(' 2000, 2000, 2000, 2000, 17, 17, 99, 99, 17, 17,1000000', 1)
(' 2000, 2000, 2000, 2000, 10, 10, 99, 99, 10, 10,1000000', 1)
(' 2000, 2000, 2000, 2000, 7, 7, 99, 99, 7, 7,1000000', 1)
(' 2000, 2000, 2000, 2000, 6, 6, 99, 99, 6, 6,1000000', 1)
(' 2000, 2000, 2000, 2000, 8, 8, 99, 99, 8, 8,1000000', 1)
(' 2000, 2000, 2000, 2000, 12, 12, 99, 99, 12, 12,1000000', 1)
(' 2000, 2000, 2000, 2000, 11, 11, 99, 99, 11, 11,1000000', 1)
(' 2000, 2000, 2000, 2000, 7, 7, 99, 99, 7, 7,1000000', 1)
(' 2000, 2000, 2000, 2000, 17, 17, 99, 99, 17, 17,1000000', 1)
(' 2000, 2000, 2000, 2000, 17, 17, 99, 99, 17, 17,1000000', 1)
(' 2000, 2000, 2000, 2000, 7, 7, 99, 99, 7, 7,1000000', 1)
(' 2000, 2000, 2000, 2000, 6, 6, 99, 99, 6, 6,1000000', 1)
(' 2000, 2000, 2000, 2000, 11, 11, 99, 99, 11, 11,1000000', 1)
(' 2000, 2000, 2000, 2000, 6, 6, 99, 99, 6, 6,1000000', 1)
(' 2000, 2000, 2000, 2000, 10, 10, 99, 99, 10, 10,1000000', 1)
(' 2000, 2000, 2000, 2000, 8, 8, 99, 99, 8, 8,1000000', 1)
(' 2000, 2000, 2000, 2000, 8, 8, 99, 99, 8, 8,1000000', 1)
(' 2000, 2000, 2000, 2000, 6, 6, 99, 99, 6, 6,1000000', 1)
(' 2000, 2000, 2000, 2000, 10, 10, 99, 99, 10, 10,1000000', 1)
(' 2000, 2000, 2000, 2000, 6, 6, 99, 99, 6, 6,1000000', 1)
(' 2000, 2000, 2000, 2000, 10, 10, 99, 99, 10, 10,1000000', 1)
(' 2000, 2000, 2000, 2000, 17, 17, 99, 99, 17, 17,1000000', 1)
(' 2000, 2000, 2000, 2000, 7, 7, 99, 99, 7, 7,1000000', 1)
(' 2000, 2000, 2000, 2000, 17, 17, 99, 99, 17, 17,1000000', 1)
(' 2000, 2000, 2000, 2000, 11, 11, 99, 99, 11, 11,1000000', 1)
(' 2000, 2000, 2000, 2000, 6, 6, 99, 99, 6, 6,1000000', 1)
(' 2000, 2000, 2000, 2000, 6, 6, 99, 99, 6, 6,1000000', 1)
(' 2000, 2000, 2000, 2000, 7, 7, 99, 99, 7, 7,1000000', 1)
(' 2000, 2000, 2000, 2000, 12, 12, 99, 99, 12, 12,1000000', 1)
(' 2000, 2000, 2000, 2000, 12, 12, 99, 99, 12, 12,1000000', 1)
(' 2000, 2000, 2000, 2000, 7, 7, 99, 99, 7, 7,1000000', 1)
(' 2000, 2000, 2000, 2000, 7, 7, 99, 99, 7, 7,1000000', 1)
(' 2000, 2000, 2000, 2000, 2, 2, 99, 99, 2, 2,1000000', 1)
(' 2000, 2000, 2000, 2000, 7, 7, 99, 99, 7, 7,1000000', 1)
(' 2000, 2000, 2000, 2000, 7, 7, 99, 99, 7, 7,1000000', 1)
(' 2000, 2000, 2000, 2000, 6, 6, 99, 99, 6, 6,1000000', 1)
(' 2000, 2000, 2000, 2000, 17, 17, 99, 99, 17, 17,1000000', 1)
(' 2000, 2000, 2000, 2000, 12, 12, 99, 99, 12, 12,1000000', 1)
(' 2000, 2000, 2000, 2000, 2, 2, 29, 29, 2, 2,1000000', 1)
(' 2000, 2000, 2000, 2000, 2, 2, 29, 29, 2, 2,1000000', 1)
(' 2000, 2000, 2000, 2000, 7, 7, 37, 37, 7, 7,1000000', 1)
(' 2000, 2000, 2000, 2000, 7, 7, 37, 37, 7, 7,1000000', 1)
(' 2000, 2000, 2000, 2000, 4, 4, 12, 12, 4, 4,1000000', 1)
(' 2000, 2000, 2000, 2000, 3, 3, 16, 16, 3, 3,1000000', 1)
(' 2000, 2000, 2000, 2000, 4, 4, 12, 12, 4, 4,1000000', 1)
(' 2000, 2000, 2000, 2000, 7, 7, 37, 37, 7, 7,1000000', 1)
(' 2000, 2000, 2000, 2000, 4, 4, 29, 29, 4, 4,1000000', 1)
(' 2000, 2000, 2000, 2000, 3, 3, 37, 37, 3, 3,1000000', 1)
(' 2000, 2000, 2000, 2000, 5, 5, 37, 37, 5, 5,1000000', 1)
(' 2000, 2000, 2000, 2000, 4, 4, 29, 29, 4, 4,1000000', 1)
(' 2000, 2000, 2000, 2000, 2, 2, 16, 16, 2, 2,1000000', 1)
(' 2000, 2000, 2000, 2000, 3, 3, 37, 37, 3, 3,1000000', 1)
(' 2000, 2000, 2000, 2000, 6, 6, 29, 29, 6, 6,1000000', 1)
(' 2000, 2000, 2000, 2000, 4, 4, 12, 12, 4, 4,1000000', 1)
(' 2000, 2000, 2000, 2000, 7, 7, 37, 37, 7, 7,1000000', 1)
(' 2000, 2000, 2000, 2000, 3, 3, 37, 37, 3, 3,1000000', 1)
(' 2000, 2000, 2000, 2000, 2, 2, 16, 16, 2, 2,1000000', 1)
(' 2000, 2000, 2000, 2000, 1, 1, 37, 37, 1, 1,1000000', 1)
(' 2000, 2000, 2000, 2000, 6, 6, 37, 37, 6, 6,1000000', 1)
(' 2000, 2000, 2000, 2000, 4, 4, 16, 16, 4, 4,1000000', 1)
(' 2000, 2000, 2000, 2000, 4, 4, 29, 29, 4, 4,1000000', 1)
(' 2000, 2000, 2000, 2000, 1, 1, 37, 37, 1, 1,1000000', 1)
(' 2000, 2000, 2000, 2000, 4, 4, 12, 12, 4, 4,1000000', 1)
(' 2000, 2000, 2000, 2000, 2, 2, 16, 16, 2, 2,1000000', 1)
(' 2000, 2000, 2000, 2000, 1, 1, 37, 37, 1, 1,1000000', 1)
(' 2000, 2000, 2000, 2000, 3, 3, 29, 29, 3, 3,1000000', 1)
(' 2000, 2000, 2000, 2000, 4, 4, 37, 37, 4, 4,1000000', 1)
(' 2000, 2000, 2000, 2000, 2, 2, 5, 5, 2, 2,1000000', 1)
(' 2000, 2000, 2000, 2000, 4, 4, 16, 16, 4, 4,1000000', 1)
(' 2000, 2000, 2000, 2000, 4, 4, 29, 29, 4, 4,1000000', 1)
(' 2000, 2000, 2000, 2000, 1, 1, 16, 16, 1, 1,1000000', 1)
(' 2000, 2000, 2000, 2000, 4, 4, 37, 37, 4, 4,1000000', 1)
(' 2000, 2000, 2000, 2000, 4, 4, 12, 12, 4, 4,1000000', 1)
(' 2000, 2000, 2000, 2000, 6, 6, 29, 29, 6, 6,1000000', 1)
(' 2000, 2000, 2000, 2000, 4, 4, 16, 16, 4, 4,1000000', 1)
(' 2000, 2000, 2000, 2000, 2, 2, 5, 5, 2, 2,1000000', 1)
(' 2000, 2000, 2000, 2000, 4, 4, 16, 16, 4, 4,1000000', 1)
(' 2000, 2000, 2000, 2000, 3, 3, 37, 37, 3, 3,1000000', 1)
(' 2000, 2000, 2000, 2000, 5, 5, 37, 37, 5, 5,1000000', 1)
(' 2000, 2000, 2000, 2000, 4, 4, 29, 29, 4, 4,1000000', 1)
(' 2000, 2000, 2000, 2000, 7, 7, 37, 37, 7, 7,1000000', 1)
(' 2000, 2000, 2000, 2000, 6, 6, 37, 37, 6, 6,1000000', 1)
(' 2000, 2000, 2000, 2000, 2, 2, 5, 5, 2, 2,1000000', 1)
(' 2000, 2000, 2000, 2000, 4, 4, 37, 37, 4, 4,1000000', 1)
(' 2000, 2000, 2000, 2000, 6, 6, 29, 29, 6, 6,1000000', 1)
(' 2000, 2000, 2000, 2000, 2, 2, 16, 16, 2, 2,1000000', 1)
(' 2000, 2000, 2000, 2000, 1, 1, 37, 37, 1, 1,1000000', 1)
(' 2000, 2000, 2000, 2000, 1, 1, 5, 5, 1, 1,1000000', 1)
(' 2000, 2000, 2000, 2000, 2, 2, 37, 37, 2, 2,1000000', 1)
(' 2000, 2000, 2000, 2000, 6, 6, 37, 37, 6, 6,1000000', 1)
(' 2000, 2000, 2000, 2000, 4, 4, 12, 12, 4, 4,1000000', 1)
(' 2000, 2000, 2000, 2000, 2, 2, 37, 37, 2, 2,1000000', 1)
(' 2000, 2000, 2000, 2000, 7, 7, 37, 37, 7, 7,1000000', 1)
(' 2000, 2000, 2000, 2000, 4, 4, 16, 16, 4, 4,1000000', 1)
(' 2000, 2000, 2000, 2000, 2, 2, 37, 37, 2, 2,1000000', 1)
(' 2000, 2000, 2000, 2000, 7, 7, 37, 37, 7, 7,1000000', 1)
(' 2000, 2000, 2000, 2000, 6, 6, 29, 29, 6, 6,1000000', 1)
(' 2000, 2000, 2000, 2000, 3, 3, 29, 29, 3, 3,1000000', 1)
(' 2000, 2000, 2000, 2000, 6, 6, 29, 29, 6, 6,1000000', 1)
(' 2000, 2000, 2000, 2000, 2, 2, 37, 37, 2, 2,1000000', 1)
(' 2000, 2000, 2000, 2000, 4, 4, 29, 29, 4, 4,1000000', 1)
(' 2000, 2000, 2000, 2000, 3, 3, 29, 29, 3, 3,1000000', 1)
(' 2000, 2000, 2000, 2000, 4, 4, 16, 16, 4, 4,1000000', 1)
